0.0077778	7.12643e-89
0.0085556	8.24707e-89
0.0093333	9.55256e-89
0.010111	1.10765e-88
0.010889	1.28593e-88
0.011667	1.49477e-88
0.012444	1.74314e-88
0.013222	2.87191e-88
0.014	1.66999e-86
0.014778	2.30154e-84
0.015556	2.37307e-82
0.016333	1.86885e-80
0.017111	1.15999e-78
0.017889	5.81303e-77
0.018667	2.40658e-75
0.019444	8.45014e-74
0.020222	2.57708e-72
0.021	6.93594e-71
0.021778	1.66892e-69
0.022556	3.60619e-68
0.023333	7.01182e-67
0.024111	1.22336e-65
0.024889	1.89867e-64
0.025667	2.59923e-63
0.026444	3.12639e-62
0.027222	3.295e-61
0.028	3.02952e-60
0.028778	2.42644e-59
0.029556	1.69039e-58
0.030333	1.0265e-57
0.031111	5.44945e-57
0.031889	2.53429e-56
0.032667	1.03675e-55
0.033444	3.76267e-55
0.034222	1.22575e-54
0.035	3.63771e-54
0.035778	1.00468e-53
0.036556	2.64918e-53
0.037333	6.85747e-53
0.038111	1.78111e-52
0.038889	4.68461e-52
0.039667	1.24516e-51
0.040444	3.32238e-51
0.041222	8.83571e-51
0.042	2.32696e-50
0.042778	6.0465e-50
0.043556	1.54608e-49
0.044333	3.88843e-49
0.045111	9.61972e-49
0.045889	2.33921e-48
0.046667	5.58827e-48
0.047444	1.31255e-47
0.048222	3.03347e-47
0.049	6.89677e-47
0.049778	1.5431e-46
0.050556	3.39729e-46
0.051333	7.36648e-46
0.052111	1.57457e-45
0.052889	3.31734e-45
0.053667	6.8884e-45
0.054444	1.411e-44
0.055222	2.85347e-44
0.056	5.69667e-44
0.056778	1.12312e-43
0.057556	2.18656e-43
0.058333	4.20694e-43
0.059111	8.00497e-43
0.059889	1.50626e-42
0.060667	2.80252e-42
0.061444	5.1596e-42
0.062222	9.40574e-42
0.063	1.69758e-41
0.063778	3.03419e-41
0.064556	5.37017e-41
0.065333	9.41758e-41
0.066111	1.6374e-40
0.066889	2.82212e-40
0.067667	4.82119e-40
0.068444	8.16843e-40
0.069222	1.37329e-39
0.07	2.2907e-39
0.070778	3.79174e-39
0.071556	6.22758e-39
0.072333	1.01539e-38
0.073111	1.64433e-38
0.073889	2.64437e-38
0.074667	4.22259e-38
0.075444	6.69822e-38
0.076222	1.05598e-37
0.077	1.65428e-37
0.077778	2.57559e-37
0.078556	3.98473e-37
0.079333	6.12861e-37
0.080111	9.37431e-37
0.080889	1.42582e-36
0.081667	2.15615e-36
0.082444	3.24302e-36
0.083222	4.85333e-36
0.084	7.22576e-36
0.084778	1.07036e-35
0.085556	1.5773e-35
0.086333	2.31309e-35
0.087111	3.37686e-35
0.087889	4.90695e-35
0.088667	7.0962e-35
0.089444	1.02165e-34
0.090222	1.46479e-34
0.091	2.09114e-34
0.091778	2.97278e-34
0.092556	4.20777e-34
0.093333	5.9318e-34
0.094111	8.3309e-34
0.094889	1.16548e-33
0.095667	1.62394e-33
0.096444	2.25427e-33
0.097222	3.11843e-33
0.098	4.29832e-33
0.098778	5.90366e-33
0.099556	8.07391e-33
0.10033	1.10088e-32
0.10111	1.49781e-32
0.10189	2.03111e-32
0.10267	2.74007e-32
0.10344	3.68483e-32
0.10422	4.9493e-32
0.105	6.62719e-32
0.10578	8.847e-32
0.10656	1.17537e-31
0.10733	1.55703e-31
0.10811	2.06044e-31
0.10889	2.71888e-31
0.10967	3.5715e-31
0.11044	4.6788e-31
0.11122	6.12362e-31
0.112	7.99336e-31
0.11278	1.04068e-30
0.11356	1.34917e-30
0.11433	1.74475e-30
0.11511	2.25447e-30
0.11589	2.90598e-30
0.11667	3.73076e-30
0.11744	4.77845e-30
0.11822	6.11588e-30
0.119	7.80968e-30
0.11978	9.95005e-30
0.12056	1.26295e-29
0.12133	1.59957e-29
0.12211	2.02464e-29
0.12289	2.55723e-29
0.12367	3.21839e-29
0.12444	4.04224e-29
0.12522	5.07414e-29
0.126	6.3567e-29
0.12678	7.94774e-29
0.12756	9.90366e-29
0.12833	1.23176e-28
0.12911	1.53125e-28
0.12989	1.90001e-28
0.13067	2.35005e-28
0.13144	2.90148e-28
0.13222	3.58079e-28
0.133	4.41136e-28
0.13378	5.42515e-28
0.13456	6.65178e-28
0.13533	8.14216e-28
0.13611	9.9629e-28
0.13689	1.21708e-27
0.13767	1.4825e-27
0.13844	1.80296e-27
0.13922	2.192e-27
0.14	2.66084e-27
0.14078	3.22501e-27
0.14156	3.8981e-27
0.14233	4.70473e-27
0.14311	5.67679e-27
0.14389	6.8397e-27
0.14467	8.21928e-27
0.14544	9.86326e-27
0.14622	1.18334e-26
0.147	1.41775e-26
0.14778	1.69627e-26
0.14856	2.02446e-26
0.14933	2.41297e-26
0.15011	2.87552e-26
0.15089	3.42228e-26
0.15167	4.06328e-26
0.15244	4.81832e-26
0.15322	5.71279e-26
0.154	6.76494e-26
0.15478	8.00107e-26
0.15556	9.44159e-26
0.15633	1.11283e-25
0.15711	1.31149e-25
0.15789	1.54382e-25
0.15867	1.81332e-25
0.15944	2.12749e-25
0.16022	2.49586e-25
0.161	2.92475e-25
0.16178	3.42359e-25
0.16256	3.99916e-25
0.16333	4.66655e-25
0.16411	5.44497e-25
0.16489	6.34658e-25
0.16567	7.38264e-25
0.16644	8.57914e-25
0.16722	9.96914e-25
0.168	1.15727e-24
0.16878	1.3421e-24
0.16956	1.55345e-24
0.17033	1.79638e-24
0.17111	2.07725e-24
0.17189	2.39975e-24
0.17267	2.7672e-24
0.17344	3.18799e-24
0.17422	3.67276e-24
0.175	4.2274e-24
0.17578	4.86144e-24
0.17656	5.58066e-24
0.17733	6.40072e-24
0.17811	7.34143e-24
0.17889	8.41314e-24
0.17967	9.62478e-24
0.18044	1.10018e-23
0.18122	1.25761e-23
0.182	1.4364e-23
0.18278	1.63926e-23
0.18356	1.86769e-23
0.18433	2.12628e-23
0.18511	2.42078e-23
0.18589	2.75392e-23
0.18667	3.12791e-23
0.18744	3.55e-23
0.18822	4.02929e-23
0.189	4.56985e-23
0.18978	5.17908e-23
0.19056	5.86053e-23
0.19133	6.62688e-23
0.19211	7.49398e-23
0.19289	8.46848e-23
0.19367	9.5555e-23
0.19444	1.07746e-22
0.19522	1.21502e-22
0.196	1.3692e-22
0.19678	1.5419e-22
0.19756	1.7339e-22
0.19833	1.94852e-22
0.19911	2.18991e-22
0.19989	2.45959e-22
0.20067	2.75865e-22
0.20144	3.09212e-22
0.20222	3.46624e-22
0.203	3.88317e-22
0.20378	4.34754e-22
0.20456	4.86094e-22
0.20533	5.43167e-22
0.20611	6.07007e-22
0.20689	6.77943e-22
0.20767	7.56186e-22
0.20844	8.42966e-22
0.20922	9.39814e-22
0.21	1.04718e-21
0.21078	1.16614e-21
0.21156	1.29699e-21
0.21233	1.44172e-21
0.21311	1.6028e-21
0.21389	1.78088e-21
0.21467	1.97634e-21
0.21544	2.19206e-21
0.21622	2.43166e-21
0.217	2.69599e-21
0.21778	2.98748e-21
0.21856	3.30657e-21
0.21933	3.65787e-21
0.22011	4.04704e-21
0.22089	4.47532e-21
0.22167	4.94324e-21
0.22244	5.45737e-21
0.22322	6.02582e-21
0.224	6.65019e-21
0.22478	7.33565e-21
0.22556	8.08278e-21
0.22633	8.90176e-21
0.22711	9.80515e-21
0.22789	1.07951e-20
0.22867	1.18721e-20
0.22944	1.30506e-20
0.23022	1.43482e-20
0.231	1.57675e-20
0.23178	1.73194e-20
0.23256	1.90041e-20
0.23333	2.08435e-20
0.23411	2.28643e-20
0.23489	2.50701e-20
0.23567	2.74606e-20
0.23644	3.00661e-20
0.23722	3.2924e-20
0.238	3.60381e-20
0.23878	3.94302e-20
0.23956	4.30987e-20
0.24033	4.70892e-20
0.24111	5.14574e-20
0.24189	5.62078e-20
0.24267	6.13373e-20
0.24344	6.69083e-20
0.24422	7.29971e-20
0.245	7.96084e-20
0.24578	8.67843e-20
0.24656	9.45182e-20
0.24733	1.02902e-19
0.24811	1.12048e-19
0.24889	1.2196e-19
0.24967	1.32627e-19
0.25044	1.44173e-19
0.25122	1.56751e-19
0.252	1.70364e-19
0.25278	1.8509e-19
0.25356	2.0091e-19
0.25433	2.18004e-19
0.25511	2.36593e-19
0.25589	2.56675e-19
0.25667	2.78219e-19
0.25744	3.01466e-19
0.25822	3.26712e-19
0.259	3.5395e-19
0.25978	3.83327e-19
0.26056	4.14791e-19
0.26133	4.48687e-19
0.26211	4.85436e-19
0.26289	5.2502e-19
0.26367	5.67361e-19
0.26444	6.12919e-19
0.26522	6.62249e-19
0.266	7.15317e-19
0.26678	7.72391e-19
0.26756	8.33344e-19
0.26833	8.98827e-19
0.26911	9.69624e-19
0.26989	1.04567e-18
0.27067	1.12679e-18
0.27144	1.21384e-18
0.27222	1.30784e-18
0.273	1.40869e-18
0.27378	1.51686e-18
0.27456	1.63207e-18
0.27533	1.75553e-18
0.27611	1.88866e-18
0.27689	2.03129e-18
0.27767	2.18304e-18
0.27844	2.34546e-18
0.27922	2.52041e-18
0.28	2.70763e-18
0.28078	2.90795e-18
0.28156	3.12078e-18
0.28233	3.34828e-18
0.28311	3.59299e-18
0.28389	3.85453e-18
0.28467	4.13212e-18
0.28544	4.42853e-18
0.28622	4.74703e-18
0.287	5.08709e-18
0.28778	5.45005e-18
0.28856	5.8348e-18
0.28933	6.2451e-18
0.29011	6.68545e-18
0.29089	7.15499e-18
0.29167	7.65223e-18
0.29244	8.18196e-18
0.29322	8.74992e-18
0.294	9.35496e-18
0.29478	9.99932e-18
0.29556	1.06809e-17
0.29633	1.14061e-17
0.29711	1.21827e-17
0.29789	1.30091e-17
0.29867	1.38823e-17
0.29944	1.48106e-17
0.30022	1.58039e-17
0.301	1.68597e-17
0.30178	1.79818e-17
0.30256	1.91663e-17
0.30333	2.0424e-17
0.30411	2.17682e-17
0.30489	2.31955e-17
0.30567	2.47007e-17
0.30644	2.62977e-17
0.30722	2.8003e-17
0.308	2.98122e-17
0.30878	3.17312e-17
0.30956	3.37528e-17
0.31033	3.58954e-17
0.31111	3.81808e-17
0.31189	4.06029e-17
0.31267	4.31524e-17
0.31344	4.58522e-17
0.31422	4.87297e-17
0.315	5.17768e-17
0.31578	5.50028e-17
0.31656	5.83951e-17
0.31733	6.19839e-17
0.31811	6.58049e-17
0.31889	6.98471e-17
0.31967	7.40943e-17
0.32044	7.8584e-17
0.32122	8.33607e-17
0.322	8.84099e-17
0.32278	9.37462e-17
0.32356	9.93478e-17
0.32433	1.05264e-16
0.32511	1.11551e-16
0.32589	1.18192e-16
0.32667	1.25157e-16
0.32744	1.32508e-16
0.32822	1.40315e-16
0.329	1.48555e-16
0.32978	1.57248e-16
0.33056	1.66358e-16
0.33133	1.75963e-16
0.33211	1.86157e-16
0.33289	1.96904e-16
0.33367	2.08159e-16
0.33444	2.20018e-16
0.33522	2.32593e-16
0.336	2.45843e-16
0.33678	2.59801e-16
0.33756	2.74406e-16
0.33833	2.89781e-16
0.33911	3.06072e-16
0.33989	3.23222e-16
0.34067	3.41154e-16
0.34144	3.6002e-16
0.34222	3.79997e-16
0.343	4.01012e-16
0.34378	4.23119e-16
0.34456	4.46215e-16
0.34533	4.70494e-16
0.34611	4.96181e-16
0.34689	5.23183e-16
0.34767	5.51378e-16
0.34844	5.80997e-16
0.34922	6.12314e-16
0.35	6.45214e-16
0.35078	6.79772e-16
0.35156	7.15828e-16
0.35233	7.53677e-16
0.35311	7.93665e-16
0.35389	8.35643e-16
0.35467	8.79413e-16
0.35544	9.25333e-16
0.35622	9.7382e-16
0.357	1.02469e-15
0.35778	1.07805e-15
0.35856	1.13365e-15
0.35933	1.19193e-15
0.36011	1.25343e-15
0.36089	1.31791e-15
0.36167	1.38505e-15
0.36244	1.4554e-15
0.36322	1.52958e-15
0.364	1.60731e-15
0.36478	1.68874e-15
0.36556	1.77348e-15
0.36633	1.8622e-15
0.36711	1.9557e-15
0.36789	2.0536e-15
0.36867	2.15542e-15
0.36944	2.26197e-15
0.37022	2.37419e-15
0.371	2.49164e-15
0.37178	2.61452e-15
0.37256	2.74225e-15
0.37333	2.87582e-15
0.37411	3.01641e-15
0.37489	3.16344e-15
0.37567	3.31618e-15
0.37644	3.47584e-15
0.37722	3.64379e-15
0.378	3.81935e-15
0.37878	4.00284e-15
0.37956	4.19333e-15
0.38033	4.39232e-15
0.38111	4.60152e-15
0.38189	4.82007e-15
0.38267	5.04684e-15
0.38344	5.28361e-15
0.38422	5.53241e-15
0.385	5.7922e-15
0.38578	6.06341e-15
0.38656	6.34466e-15
0.38733	6.63815e-15
0.38811	6.94636e-15
0.38889	7.26799e-15
0.38967	7.60137e-15
0.39044	7.94907e-15
0.39122	8.31407e-15
0.392	8.69476e-15
0.39278	9.09179e-15
0.39356	9.50309e-15
0.39433	9.93182e-15
0.39511	1.03816e-14
0.39589	1.08505e-14
0.39667	1.1336e-14
0.39744	1.18419e-14
0.39822	1.23724e-14
0.399	1.29251e-14
0.39978	1.3501e-14
0.40056	1.4097e-14
0.40133	1.47176e-14
0.40211	1.53681e-14
0.40289	1.60455e-14
0.40367	1.67463e-14
0.40444	1.74757e-14
0.40522	1.82399e-14
0.406	1.90354e-14
0.40678	1.98634e-14
0.40756	2.07195e-14
0.40833	2.16101e-14
0.40911	2.25427e-14
0.40989	2.3513e-14
0.41067	2.45159e-14
0.41144	2.55588e-14
0.41222	2.66503e-14
0.413	2.77856e-14
0.41378	2.89661e-14
0.41456	3.01856e-14
0.41533	3.14531e-14
0.41611	3.27792e-14
0.41689	3.41576e-14
0.41767	3.5581e-14
0.41844	3.70599e-14
0.41922	3.86066e-14
0.42	4.02136e-14
0.42078	4.18833e-14
0.42156	4.36066e-14
0.42233	4.53963e-14
0.42311	4.72671e-14
0.42389	4.921e-14
0.42467	5.12146e-14
0.42544	5.32956e-14
0.42622	5.547e-14
0.427	5.77275e-14
0.42778	6.00711e-14
0.42856	6.24879e-14
0.42933	6.49957e-14
0.43011	6.7615e-14
0.43089	7.0333e-14
0.43167	7.3135e-14
0.43244	7.60416e-14
0.43322	7.90761e-14
0.434	8.22241e-14
0.43478	8.54895e-14
0.43556	8.88541e-14
0.43633	9.23429e-14
0.43711	9.59836e-14
0.43789	9.97589e-14
0.43867	1.03648e-13
0.43944	1.07678e-13
0.44022	1.11883e-13
0.441	1.16242e-13
0.44178	1.2076e-13
0.44256	1.25412e-13
0.44333	1.30231e-13
0.44411	1.35257e-13
0.44489	1.40465e-13
0.44567	1.45825e-13
0.44644	1.51377e-13
0.44722	1.57164e-13
0.448	1.63159e-13
0.44878	1.69368e-13
0.44956	1.75757e-13
0.45033	1.82371e-13
0.45111	1.89263e-13
0.45189	1.96399e-13
0.45267	2.03739e-13
0.45344	2.11336e-13
0.45422	2.1925e-13
0.455	2.27442e-13
0.45578	2.3592e-13
0.45656	2.44638e-13
0.45733	2.53657e-13
0.45811	2.63049e-13
0.45889	2.72766e-13
0.45967	2.82755e-13
0.46044	2.93086e-13
0.46122	3.03841e-13
0.462	3.14965e-13
0.46278	3.26472e-13
0.46356	3.38294e-13
0.46433	3.50518e-13
0.46511	3.63238e-13
0.46589	3.76391e-13
0.46667	3.89902e-13
0.46744	4.03867e-13
0.46822	4.18396e-13
0.469	4.33414e-13
0.46978	4.48938e-13
0.47056	4.64878e-13
0.47133	4.81349e-13
0.47211	4.98478e-13
0.47289	5.16178e-13
0.47367	5.34348e-13
0.47444	5.53118e-13
0.47522	5.72633e-13
0.476	5.92793e-13
0.47678	6.13618e-13
0.47756	6.34989e-13
0.47833	6.57058e-13
0.47911	6.79995e-13
0.47989	7.03683e-13
0.48067	7.27985e-13
0.48144	7.53074e-13
0.48222	7.79143e-13
0.483	8.06058e-13
0.48378	8.33845e-13
0.48456	8.62344e-13
0.48533	8.91755e-13
0.48611	9.22306e-13
0.48689	9.53839e-13
0.48767	9.8617e-13
0.48844	1.01953e-12
0.48922	1.05417e-12
0.49	1.08992e-12
0.49078	1.1268e-12
0.49156	1.16461e-12
0.49233	1.20361e-12
0.49311	1.24409e-12
0.49389	1.28585e-12
0.49467	1.32865e-12
0.49544	1.37278e-12
0.49622	1.41859e-12
0.497	1.46583e-12
0.49778	1.51454e-12
0.49856	1.56445e-12
0.49933	1.6159e-12
0.50011	1.66928e-12
0.50089	1.72432e-12
0.50167	1.7807e-12
0.50244	1.8388e-12
0.50322	1.89907e-12
0.504	1.9612e-12
0.50478	2.02524e-12
0.50556	2.0908e-12
0.50633	2.15837e-12
0.50711	2.22843e-12
0.50789	2.30063e-12
0.50867	2.37454e-12
0.50944	2.45069e-12
0.51022	2.52963e-12
0.511	2.61097e-12
0.51178	2.69476e-12
0.51256	2.78051e-12
0.51333	2.86883e-12
0.51411	2.96037e-12
0.51489	3.05466e-12
0.51567	3.15113e-12
0.51644	3.25047e-12
0.51722	3.35342e-12
0.518	3.45943e-12
0.51878	3.56859e-12
0.51956	3.68025e-12
0.52033	3.7952e-12
0.52111	3.91429e-12
0.52189	4.03689e-12
0.52267	4.16229e-12
0.52344	4.29134e-12
0.52422	4.42501e-12
0.525	4.56261e-12
0.52578	4.70422e-12
0.52656	4.84901e-12
0.52733	4.998e-12
0.52811	5.15229e-12
0.52889	5.31105e-12
0.52967	5.47336e-12
0.53044	5.64032e-12
0.53122	5.8132e-12
0.532	5.99106e-12
0.53278	6.17404e-12
0.53356	6.36105e-12
0.53433	6.55338e-12
0.53511	6.75248e-12
0.53589	6.95727e-12
0.53667	7.16653e-12
0.53744	7.38171e-12
0.53822	7.60441e-12
0.539	7.83344e-12
0.53978	8.06895e-12
0.54056	8.30956e-12
0.54133	8.55691e-12
0.54211	8.81286e-12
0.54289	9.07601e-12
0.54367	9.3448e-12
0.54444	9.62108e-12
0.54522	9.90691e-12
0.546	1.02007e-11
0.54678	1.05027e-11
0.54756	1.08112e-11
0.54833	1.11281e-11
0.54911	1.1456e-11
0.54989	1.17929e-11
0.55067	1.21369e-11
0.55144	1.24904e-11
0.55222	1.28559e-11
0.553	1.32315e-11
0.55378	1.36175e-11
0.55456	1.40114e-11
0.55533	1.44162e-11
0.55611	1.48346e-11
0.55689	1.52645e-11
0.55767	1.57033e-11
0.55844	1.6154e-11
0.55922	1.66199e-11
0.56	1.70984e-11
0.56078	1.75899e-11
0.56156	1.80915e-11
0.56233	1.86066e-11
0.56311	1.9139e-11
0.56389	1.96857e-11
0.56467	2.02435e-11
0.56544	2.08162e-11
0.56622	2.14081e-11
0.567	2.20158e-11
0.56778	2.26398e-11
0.56856	2.32764e-11
0.56933	2.39298e-11
0.57011	2.46049e-11
0.57089	2.5298e-11
0.57167	2.6005e-11
0.57244	2.67305e-11
0.57322	2.74801e-11
0.574	2.82495e-11
0.57478	2.90393e-11
0.57556	2.98446e-11
0.57633	3.0671e-11
0.57711	3.15246e-11
0.57789	3.24007e-11
0.57867	3.32939e-11
0.57944	3.42104e-11
0.58022	3.51569e-11
0.581	3.61281e-11
0.58178	3.71247e-11
0.58256	3.81407e-11
0.58333	3.91829e-11
0.58411	4.02591e-11
0.58489	4.13632e-11
0.58567	4.24886e-11
0.58644	4.3643e-11
0.58722	4.48348e-11
0.588	4.60574e-11
0.58878	4.73115e-11
0.58956	4.85897e-11
0.59033	4.99004e-11
0.59111	5.12535e-11
0.59189	5.26413e-11
0.59267	5.40554e-11
0.59344	5.55056e-11
0.59422	5.70022e-11
0.595	5.85371e-11
0.59578	6.01112e-11
0.59656	6.17149e-11
0.59733	6.33592e-11
0.59811	6.50559e-11
0.59889	6.67958e-11
0.59967	6.85682e-11
0.60044	7.03852e-11
0.60122	7.226e-11
0.602	7.41822e-11
0.60278	7.61529e-11
0.60356	7.81601e-11
0.60433	8.02176e-11
0.60511	8.23402e-11
0.60589	8.45161e-11
0.60667	8.67322e-11
0.60744	8.90034e-11
0.60822	9.13463e-11
0.609	9.37477e-11
0.60978	9.62091e-11
0.61056	9.87156e-11
0.61133	1.01284e-10
0.61211	1.03933e-10
0.61289	1.06648e-10
0.61367	1.09413e-10
0.61444	1.12245e-10
0.61522	1.15166e-10
0.616	1.1816e-10
0.61678	1.21228e-10
0.61756	1.2435e-10
0.61833	1.2755e-10
0.61911	1.30849e-10
0.61989	1.3423e-10
0.62067	1.37671e-10
0.62144	1.41196e-10
0.62222	1.4483e-10
0.623	1.48554e-10
0.62378	1.52369e-10
0.62456	1.56252e-10
0.62533	1.60229e-10
0.62611	1.64329e-10
0.62689	1.6853e-10
0.62767	1.72805e-10
0.62844	1.77183e-10
0.62922	1.81696e-10
0.63	1.86319e-10
0.63078	1.91054e-10
0.63156	1.95873e-10
0.63233	2.00808e-10
0.63311	2.05894e-10
0.63389	2.11103e-10
0.63467	2.16404e-10
0.63544	2.21832e-10
0.63622	2.27426e-10
0.637	2.33155e-10
0.63778	2.39022e-10
0.63856	2.44991e-10
0.63933	2.51102e-10
0.64011	2.57401e-10
0.64089	2.6385e-10
0.64167	2.70411e-10
0.64244	2.77128e-10
0.64322	2.8405e-10
0.644	2.91138e-10
0.64478	2.98395e-10
0.64556	3.05777e-10
0.64633	3.13334e-10
0.64711	3.2112e-10
0.64789	3.29092e-10
0.64867	3.37201e-10
0.64944	3.45501e-10
0.65022	3.54053e-10
0.651	3.62808e-10
0.65178	3.7177e-10
0.65256	3.80886e-10
0.65333	3.90216e-10
0.65411	3.99828e-10
0.65489	4.09668e-10
0.65567	4.19674e-10
0.65644	4.29916e-10
0.65722	4.40467e-10
0.658	4.51266e-10
0.65878	4.6232e-10
0.65956	4.73561e-10
0.66033	4.85065e-10
0.66111	4.96915e-10
0.66189	5.09044e-10
0.66267	5.21377e-10
0.66344	5.33998e-10
0.66422	5.46998e-10
0.665	5.60303e-10
0.66578	5.73919e-10
0.66656	5.87765e-10
0.66733	6.01933e-10
0.66811	6.16525e-10
0.66889	6.31458e-10
0.66967	6.46641e-10
0.67044	6.62177e-10
0.67122	6.78177e-10
0.672	6.94551e-10
0.67278	7.11307e-10
0.67356	7.28343e-10
0.67433	7.45773e-10
0.67511	7.63724e-10
0.67589	7.82092e-10
0.67667	8.00766e-10
0.67744	8.19872e-10
0.67822	8.39547e-10
0.679	8.5968e-10
0.67978	8.8028e-10
0.68056	9.01223e-10
0.68133	9.22649e-10
0.68211	9.44712e-10
0.68289	9.67287e-10
0.68367	9.90237e-10
0.68444	1.01371e-09
0.68522	1.03789e-09
0.686	1.06263e-09
0.68678	1.08794e-09
0.68756	1.11366e-09
0.68833	1.13998e-09
0.68911	1.16709e-09
0.68989	1.19481e-09
0.69067	1.223e-09
0.69144	1.25184e-09
0.69222	1.28153e-09
0.693	1.3119e-09
0.69378	1.34298e-09
0.69456	1.37457e-09
0.69533	1.40689e-09
0.69611	1.44016e-09
0.69689	1.47421e-09
0.69767	1.50881e-09
0.69844	1.54421e-09
0.69922	1.58066e-09
0.7	1.61795e-09
0.70078	1.65611e-09
0.70156	1.69489e-09
0.70233	1.73456e-09
0.70311	1.77541e-09
0.70389	1.8172e-09
0.70467	1.85968e-09
0.70544	1.90313e-09
0.70622	1.94788e-09
0.707	1.99365e-09
0.70778	2.04049e-09
0.70856	2.0881e-09
0.70933	2.1368e-09
0.71011	2.18694e-09
0.71089	2.23825e-09
0.71167	2.2904e-09
0.71244	2.34375e-09
0.71322	2.39869e-09
0.714	2.45489e-09
0.71478	2.5124e-09
0.71556	2.57086e-09
0.71633	2.63067e-09
0.71711	2.69225e-09
0.71789	2.75526e-09
0.71867	2.81932e-09
0.71944	2.88485e-09
0.72022	2.95233e-09
0.721	3.02138e-09
0.72178	3.09204e-09
0.72256	3.16387e-09
0.72333	3.23737e-09
0.72411	3.31305e-09
0.72489	3.3905e-09
0.72567	3.46924e-09
0.72644	3.54981e-09
0.72722	3.63278e-09
0.728	3.7177e-09
0.72878	3.8046e-09
0.72956	3.89296e-09
0.73033	3.98337e-09
0.73111	4.0765e-09
0.73189	4.17181e-09
0.73267	4.26873e-09
0.73344	4.36792e-09
0.73422	4.47009e-09
0.735	4.57466e-09
0.73578	4.68171e-09
0.73656	4.79057e-09
0.73733	4.90199e-09
0.73811	5.01678e-09
0.73889	5.13429e-09
0.73967	5.25381e-09
0.74044	5.37616e-09
0.74122	5.50222e-09
0.742	5.63128e-09
0.74278	5.76343e-09
0.74356	5.89787e-09
0.74433	6.0355e-09
0.74511	6.17734e-09
0.74589	6.32258e-09
0.74667	6.47036e-09
0.74744	6.62169e-09
0.74822	6.77766e-09
0.749	6.93741e-09
0.74978	7.10105e-09
0.75056	7.26757e-09
0.75133	7.43813e-09
0.75211	7.61397e-09
0.75289	7.79411e-09
0.75367	7.97749e-09
0.75444	8.16534e-09
0.75522	8.35906e-09
0.756	8.55756e-09
0.75678	8.76099e-09
0.75756	8.96812e-09
0.75833	9.18038e-09
0.75911	9.39934e-09
0.75989	9.62378e-09
0.76067	9.85238e-09
0.76144	1.00867e-08
0.76222	1.03285e-08
0.763	1.05764e-08
0.76378	1.08306e-08
0.76456	1.10897e-08
0.76533	1.13553e-08
0.76611	1.16295e-08
0.76689	1.19108e-08
0.76767	1.21974e-08
0.76844	1.24915e-08
0.76922	1.27952e-08
0.77	1.31069e-08
0.77078	1.34267e-08
0.77156	1.37529e-08
0.77233	1.40876e-08
0.77311	1.44335e-08
0.77389	1.47886e-08
0.77467	1.51508e-08
0.77544	1.55228e-08
0.77622	1.59073e-08
0.777	1.63022e-08
0.77778	1.67079e-08
0.77856	1.71221e-08
0.77933	1.75476e-08
0.78011	1.79877e-08
0.78089	1.844e-08
0.78167	1.8902e-08
0.78244	1.93769e-08
0.78322	1.98684e-08
0.784	2.03737e-08
0.78478	2.08936e-08
0.78556	2.14248e-08
0.78633	2.19713e-08
0.78711	2.25373e-08
0.78789	2.31197e-08
0.78867	2.37153e-08
0.78944	2.43283e-08
0.79022	2.49635e-08
0.791	2.56177e-08
0.79178	2.62914e-08
0.79256	2.69809e-08
0.79333	2.76912e-08
0.79411	2.84277e-08
0.79489	2.91868e-08
0.79567	2.99641e-08
0.79644	3.07654e-08
0.79722	3.15969e-08
0.798	3.24543e-08
0.79878	3.33388e-08
0.79956	3.42453e-08
0.80033	3.51805e-08
0.80111	3.61517e-08
0.80189	3.71542e-08
0.80267	3.81823e-08
0.80344	3.92437e-08
0.80422	4.03467e-08
0.805	4.1486e-08
0.80578	4.26629e-08
0.80656	4.3871e-08
0.80733	4.51192e-08
0.80811	4.64174e-08
0.80889	4.77594e-08
0.80967	4.91379e-08
0.81044	5.0563e-08
0.81122	5.20462e-08
0.812	5.35805e-08
0.81278	5.51678e-08
0.81356	5.67995e-08
0.81433	5.84877e-08
0.81511	6.02462e-08
0.81589	6.20665e-08
0.81667	6.39389e-08
0.81744	6.58773e-08
0.81822	6.78975e-08
0.819	6.999e-08
0.81978	7.21576e-08
0.82056	7.43888e-08
0.82133	7.67002e-08
0.82211	7.91107e-08
0.82289	8.16091e-08
0.82367	8.4182e-08
0.82444	8.68487e-08
0.82522	8.96311e-08
0.826	9.25163e-08
0.82678	9.55083e-08
0.82756	9.85912e-08
0.82833	1.01788e-07
0.82911	1.05125e-07
0.82989	1.08588e-07
0.83067	1.12156e-07
0.83144	1.15858e-07
0.83222	1.19724e-07
0.833	1.23736e-07
0.83378	1.279e-07
0.83456	1.32193e-07
0.83533	1.36648e-07
0.83611	1.41302e-07
0.83689	1.46133e-07
0.83767	1.51115e-07
0.83844	1.56287e-07
0.83922	1.6169e-07
0.84	1.67299e-07
0.84078	1.73123e-07
0.84156	1.79131e-07
0.84233	1.85367e-07
0.84311	1.91884e-07
0.84389	1.9865e-07
0.84467	2.0563e-07
0.84544	2.12876e-07
0.84622	2.20447e-07
0.847	2.28309e-07
0.84778	2.36472e-07
0.84856	2.44893e-07
0.84933	2.53634e-07
0.85011	2.62767e-07
0.85089	2.72249e-07
0.85167	2.8203e-07
0.85244	2.92182e-07
0.85322	3.02787e-07
0.854	3.13797e-07
0.85478	3.25226e-07
0.85556	3.37011e-07
0.85633	3.49241e-07
0.85711	3.62015e-07
0.85789	3.75271e-07
0.85867	3.88939e-07
0.85944	4.03118e-07
0.86022	4.17923e-07
0.861	4.33284e-07
0.86178	4.4922e-07
0.86256	4.65644e-07
0.86333	4.82675e-07
0.86411	5.00452e-07
0.86489	5.18888e-07
0.86567	5.37881e-07
0.86644	5.5757e-07
0.86722	5.78112e-07
0.868	5.99408e-07
0.86878	6.21481e-07
0.86956	6.4421e-07
0.87033	6.67759e-07
0.87111	6.92315e-07
0.87189	7.17757e-07
0.87267	7.43942e-07
0.87344	7.71059e-07
0.87422	7.99321e-07
0.875	8.28588e-07
0.87578	8.58892e-07
0.87656	8.9006e-07
0.87733	9.22316e-07
0.87811	9.55912e-07
0.87889	9.90679e-07
0.87967	1.02642e-06
0.88044	1.06338e-06
0.88122	1.10186e-06
0.882	1.14166e-06
0.88278	1.18281e-06
0.88356	1.22508e-06
0.88433	1.26876e-06
0.88511	1.3142e-06
0.88589	1.36116e-06
0.88667	1.40937e-06
0.88744	1.45915e-06
0.88822	1.51091e-06
0.889	1.56435e-06
0.88978	1.61954e-06
0.89056	1.67614e-06
0.89133	1.73455e-06
0.89211	1.79522e-06
0.89289	1.85781e-06
0.89367	1.92197e-06
0.89444	1.98813e-06
0.89522	2.05679e-06
0.896	2.12759e-06
0.89678	2.20057e-06
0.89756	2.27531e-06
0.89833	2.3523e-06
0.89911	2.43214e-06
0.89989	2.51438e-06
0.90067	2.59852e-06
0.90144	2.68515e-06
0.90222	2.77491e-06
0.903	2.86729e-06
0.90378	2.96236e-06
0.90456	3.05954e-06
0.90533	3.15949e-06
0.90611	3.26293e-06
0.90689	3.3693e-06
0.90767	3.47795e-06
0.90844	3.5896e-06
0.90922	3.70506e-06
0.91	3.82368e-06
0.91078	3.94554e-06
0.91156	4.06986e-06
0.91233	4.19749e-06
0.91311	4.32934e-06
0.91389	4.46466e-06
0.91467	4.60261e-06
0.91544	4.7441e-06
0.91622	4.89015e-06
0.917	5.03991e-06
0.91778	5.19344e-06
0.91856	5.34978e-06
0.91933	5.50997e-06
0.92011	5.67512e-06
0.92089	5.84429e-06
0.92167	6.0164e-06
0.92244	6.19257e-06
0.92322	6.37405e-06
0.924	6.55977e-06
0.92478	6.74978e-06
0.92556	6.94287e-06
0.92633	7.1403e-06
0.92711	7.34344e-06
0.92789	7.55108e-06
0.92867	7.76189e-06
0.92944	7.97724e-06
0.93022	8.1986e-06
0.931	8.42465e-06
0.93178	8.65544e-06
0.93256	8.88947e-06
0.93333	9.12825e-06
0.93411	9.3734e-06
0.93489	9.62344e-06
0.93567	9.87675e-06
0.93644	1.0135e-05
0.93722	1.03998e-05
0.938	1.06696e-05
0.93878	1.09445e-05
0.93956	1.12227e-05
0.94033	1.15058e-05
0.94111	1.17959e-05
0.94189	1.2091e-05
0.94267	1.23894e-05
0.94344	1.26928e-05
0.94422	1.30034e-05
0.945	1.3319e-05
0.94578	1.36398e-05
0.94656	1.39637e-05
0.94733	1.42926e-05
0.94811	1.46288e-05
0.94889	1.49701e-05
0.94967	1.53143e-05
0.95044	1.56635e-05
0.95122	1.602e-05
0.952	1.63815e-05
0.95278	1.67481e-05
0.95356	1.71172e-05
0.95433	1.74912e-05
0.95511	1.78726e-05
0.95589	1.82587e-05
0.95667	1.86472e-05
0.95744	1.90404e-05
0.95822	1.94408e-05
0.959	1.98458e-05
0.95978	2.02554e-05
0.96056	2.06668e-05
0.96133	2.10827e-05
0.96211	2.15055e-05
0.96289	2.19326e-05
0.96367	2.23612e-05
0.96444	2.27938e-05
0.96522	2.32332e-05
0.966	2.36765e-05
0.96678	2.41236e-05
0.96756	2.45715e-05
0.96833	2.5023e-05
0.96911	2.54808e-05
0.96989	2.59421e-05
0.97067	2.64035e-05
0.97144	2.68681e-05
0.97222	2.73386e-05
0.973	2.7812e-05
0.97378	2.8288e-05
0.97456	2.87636e-05
0.97533	2.92416e-05
0.97611	2.97249e-05
0.97689	3.02103e-05
0.97767	3.06946e-05
0.97844	3.11806e-05
0.97922	3.16714e-05
0.98	3.21637e-05
0.98078	3.26573e-05
0.98156	3.31488e-05
0.98233	3.36413e-05
0.98311	3.41376e-05
0.98389	3.46346e-05
0.98467	3.51288e-05
0.98544	3.56232e-05
0.98622	3.61208e-05
0.987	3.66182e-05
0.98778	3.71153e-05
0.98856	3.76085e-05
0.98933	3.81011e-05
0.99011	3.85958e-05
0.99089	3.90894e-05
0.99167	3.95784e-05
0.99244	4.00659e-05
0.99322	4.05547e-05
0.994	4.10415e-05
0.99478	4.15261e-05
0.99556	4.20051e-05
0.99633	4.24816e-05
0.99711	4.29583e-05
0.99789	4.3432e-05
0.99867	4.38993e-05
0.99944	4.43573e-05
1.0002	4.48206e-05
1.001	4.52917e-05
1.0018	4.57585e-05
1.0026	4.61919e-05
1.0033	4.66212e-05
1.0041	4.70743e-05
1.0049	4.75221e-05
1.0057	4.79371e-05
1.0064	4.8347e-05
1.0072	4.87787e-05
1.008	4.92044e-05
1.0088	4.96237e-05
1.0096	5.0011e-05
1.0103	5.03925e-05
1.0111	5.07927e-05
1.0119	5.11859e-05
1.0127	5.15479e-05
1.0134	5.19034e-05
1.0142	5.22752e-05
1.015	5.26393e-05
1.0158	5.29954e-05
1.0166	5.33218e-05
1.0173	5.3641e-05
1.0181	5.39732e-05
1.0189	5.42968e-05
1.0197	5.45923e-05
1.0204	5.48799e-05
1.0212	5.51779e-05
1.022	5.54667e-05
1.0228	5.57462e-05
1.0236	5.59996e-05
1.0243	5.62447e-05
1.0251	5.64967e-05
1.0259	5.67389e-05
1.0267	5.6957e-05
1.0274	5.71664e-05
1.0282	5.73799e-05
1.029	5.75833e-05
1.0298	5.77765e-05
1.0306	5.79483e-05
1.0313	5.8111e-05
1.0321	5.82744e-05
1.0329	5.84274e-05
1.0337	5.85613e-05
1.0344	5.86859e-05
1.0352	5.88087e-05
1.036	5.89208e-05
1.0368	5.90224e-05
1.0376	5.9108e-05
1.0383	5.91843e-05
1.0391	5.92554e-05
1.0399	5.9316e-05
1.0407	5.93632e-05
1.0414	5.94011e-05
1.0422	5.94314e-05
1.043	5.94513e-05
1.0438	5.94607e-05
1.0446	5.94602e-05
1.0453	5.94506e-05
1.0461	5.94305e-05
1.0469	5.94003e-05
1.0477	5.93628e-05
1.0484	5.93165e-05
1.0492	5.92576e-05
1.05	5.9189e-05
1.0508	5.91106e-05
1.0516	5.90285e-05
1.0523	5.8938e-05
1.0531	5.88325e-05
1.0539	5.87179e-05
1.0547	5.86021e-05
1.0554	5.84785e-05
1.0562	5.83382e-05
1.057	5.81892e-05
1.0578	5.80318e-05
1.0586	5.78767e-05
1.0593	5.77144e-05
1.0601	5.75335e-05
1.0609	5.73448e-05
1.0617	5.7161e-05
1.0624	5.69706e-05
1.0632	5.67604e-05
1.064	5.65432e-05
1.0648	5.6319e-05
1.0656	5.61028e-05
1.0663	5.58808e-05
1.0671	5.56379e-05
1.0679	5.53889e-05
1.0687	5.515e-05
1.0694	5.49061e-05
1.0702	5.46406e-05
1.071	5.43698e-05
1.0718	5.40938e-05
1.0726	5.38307e-05
1.0733	5.35634e-05
1.0741	5.3274e-05
1.0749	5.29803e-05
1.0757	5.27013e-05
1.0764	5.24189e-05
1.0772	5.21141e-05
1.078	5.18059e-05
1.0788	5.14945e-05
1.0796	5.11998e-05
1.0803	5.09027e-05
1.0811	5.05832e-05
1.0819	5.02614e-05
1.0827	4.99577e-05
1.0834	4.96522e-05
1.0842	4.93247e-05
1.085	4.89956e-05
1.0858	4.86651e-05
1.0866	4.83542e-05
1.0873	4.80424e-05
1.0881	4.77091e-05
1.0889	4.73751e-05
1.0897	4.70617e-05
1.0904	4.6748e-05
1.0912	4.64134e-05
1.092	4.60789e-05
1.0928	4.57447e-05
1.0936	4.54318e-05
1.0943	4.51194e-05
1.0951	4.4787e-05
1.0959	4.44555e-05
1.0967	4.41458e-05
1.0974	4.38371e-05
1.0982	4.35093e-05
1.099	4.31829e-05
1.0998	4.28583e-05
1.1006	4.25556e-05
1.1013	4.22547e-05
1.1021	4.19356e-05
1.1029	4.16188e-05
1.1037	4.13239e-05
1.1044	4.10311e-05
1.1052	4.07213e-05
1.106	4.04141e-05
1.1068	4.01096e-05
1.1076	3.98268e-05
1.1083	3.95465e-05
1.1091	3.92504e-05
1.1099	3.89575e-05
1.1107	3.86857e-05
1.1114	3.84168e-05
1.1122	3.81332e-05
1.113	3.78529e-05
1.1138	3.75761e-05
1.1146	3.73197e-05
1.1153	3.70665e-05
1.1161	3.67998e-05
1.1169	3.65367e-05
1.1177	3.62934e-05
1.1184	3.60534e-05
1.1192	3.58009e-05
1.12	3.55522e-05
1.1208	3.53073e-05
1.1216	3.5081e-05
1.1223	3.48581e-05
1.1231	3.46241e-05
1.1239	3.43938e-05
1.1247	3.41813e-05
1.1254	3.39722e-05
1.1262	3.37528e-05
1.127	3.35372e-05
1.1278	3.33253e-05
1.1286	3.31301e-05
1.1293	3.29381e-05
1.1301	3.27369e-05
1.1309	3.25394e-05
1.1317	3.23575e-05
1.1324	3.21788e-05
1.1332	3.19916e-05
1.134	3.18079e-05
1.1348	3.16277e-05
1.1356	3.14619e-05
1.1363	3.12991e-05
1.1371	3.11287e-05
1.1379	3.09615e-05
1.1387	3.08078e-05
1.1394	3.06568e-05
1.1402	3.04988e-05
1.141	3.03438e-05
1.1418	3.01919e-05
1.1426	3.00521e-05
1.1433	2.99149e-05
1.1441	2.97712e-05
1.1449	2.96303e-05
1.1457	2.95006e-05
1.1464	2.93732e-05
1.1472	2.92398e-05
1.148	2.91088e-05
1.1488	2.89803e-05
1.1496	2.88619e-05
1.1503	2.87455e-05
1.1511	2.86234e-05
1.1519	2.85034e-05
1.1527	2.83928e-05
1.1534	2.82839e-05
1.1542	2.81696e-05
1.155	2.80571e-05
1.1558	2.79463e-05
1.1566	2.78439e-05
1.1573	2.7743e-05
1.1581	2.76368e-05
1.1589	2.7532e-05
1.1597	2.74351e-05
1.1604	2.73393e-05
1.1612	2.72383e-05
1.162	2.71384e-05
1.1628	2.70397e-05
1.1636	2.6948e-05
1.1643	2.68572e-05
1.1651	2.67612e-05
1.1659	2.6666e-05
1.1667	2.65774e-05
1.1674	2.64894e-05
1.1682	2.63962e-05
1.169	2.63036e-05
1.1698	2.62114e-05
1.1706	2.61254e-05
1.1713	2.60398e-05
1.1721	2.59487e-05
1.1729	2.5858e-05
1.1737	2.57731e-05
1.1744	2.56884e-05
1.1752	2.55981e-05
1.176	2.55079e-05
1.1768	2.54177e-05
1.1776	2.53331e-05
1.1783	2.52485e-05
1.1791	2.51581e-05
1.1799	2.50675e-05
1.1807	2.49825e-05
1.1814	2.48972e-05
1.1822	2.4806e-05
1.183	2.47144e-05
1.1838	2.46225e-05
1.1846	2.45361e-05
1.1853	2.44492e-05
1.1861	2.43562e-05
1.1869	2.42627e-05
1.1877	2.41746e-05
1.1884	2.40861e-05
1.1892	2.39911e-05
1.19	2.38956e-05
1.1908	2.37995e-05
1.1916	2.37089e-05
1.1923	2.36178e-05
1.1931	2.352e-05
1.1939	2.34216e-05
1.1947	2.33287e-05
1.1954	2.32353e-05
1.1962	2.3135e-05
1.197	2.3034e-05
1.1978	2.29324e-05
1.1986	2.28365e-05
1.1993	2.274e-05
1.2001	2.26364e-05
1.2009	2.25321e-05
1.2017	2.24338e-05
1.2024	2.23348e-05
1.2032	2.22287e-05
1.204	2.21218e-05
1.2048	2.20143e-05
1.2056	2.19129e-05
1.2063	2.1811e-05
1.2071	2.17017e-05
1.2079	2.15917e-05
1.2087	2.14881e-05
1.2094	2.13839e-05
1.2102	2.12723e-05
1.211	2.11601e-05
1.2118	2.10473e-05
1.2126	2.09411e-05
1.2133	2.08345e-05
1.2141	2.07202e-05
1.2149	2.06055e-05
1.2157	2.04976e-05
1.2164	2.03893e-05
1.2172	2.02733e-05
1.218	2.0157e-05
1.2188	2.00402e-05
1.2196	1.99305e-05
1.2203	1.98205e-05
1.2211	1.97029e-05
1.2219	1.95849e-05
1.2227	1.94742e-05
1.2234	1.93632e-05
1.2242	1.92447e-05
1.225	1.91259e-05
1.2258	1.90071e-05
1.2266	1.88955e-05
1.2273	1.87839e-05
1.2281	1.86647e-05
1.2289	1.85456e-05
1.2297	1.84338e-05
1.2304	1.83221e-05
1.2312	1.82029e-05
1.232	1.80839e-05
1.2328	1.79649e-05
1.2336	1.78535e-05
1.2343	1.77422e-05
1.2351	1.76236e-05
1.2359	1.75053e-05
1.2367	1.73945e-05
1.2374	1.7284e-05
1.2382	1.71664e-05
1.239	1.70491e-05
1.2398	1.69321e-05
1.2406	1.68228e-05
1.2413	1.67138e-05
1.2421	1.65979e-05
1.2429	1.64825e-05
1.2437	1.63747e-05
1.2444	1.62673e-05
1.2452	1.61533e-05
1.246	1.60398e-05
1.2468	1.59269e-05
1.2476	1.58215e-05
1.2483	1.57166e-05
1.2491	1.56054e-05
1.2499	1.54948e-05
1.2507	1.53917e-05
1.2514	1.52893e-05
1.2522	1.51806e-05
1.253	1.50727e-05
1.2538	1.49656e-05
1.2546	1.48658e-05
1.2553	1.47667e-05
1.2561	1.46618e-05
1.2569	1.45576e-05
1.2577	1.44608e-05
1.2584	1.43647e-05
1.2592	1.4263e-05
1.26	1.41621e-05
1.2608	1.40622e-05
1.2616	1.39693e-05
1.2623	1.38773e-05
1.2631	1.378e-05
1.2639	1.36836e-05
1.2647	1.35941e-05
1.2654	1.35055e-05
1.2662	1.34119e-05
1.267	1.33193e-05
1.2678	1.32276e-05
1.2686	1.31426e-05
1.2693	1.30585e-05
1.2701	1.29698e-05
1.2709	1.2882e-05
1.2717	1.28007e-05
1.2724	1.27204e-05
1.2732	1.26356e-05
1.274	1.25519e-05
1.2748	1.24693e-05
1.2756	1.23927e-05
1.2763	1.23171e-05
1.2771	1.22375e-05
1.2779	1.2159e-05
1.2787	1.20863e-05
1.2794	1.20146e-05
1.2802	1.19391e-05
1.281	1.18647e-05
1.2818	1.17914e-05
1.2826	1.17236e-05
1.2833	1.16567e-05
1.2841	1.15865e-05
1.2849	1.15173e-05
1.2857	1.14533e-05
1.2864	1.13904e-05
1.2872	1.13242e-05
1.288	1.12591e-05
1.2888	1.11951e-05
1.2896	1.1136e-05
1.2903	1.10778e-05
1.2911	1.10168e-05
1.2919	1.09568e-05
1.2927	1.09015e-05
1.2934	1.08471e-05
1.2942	1.079e-05
1.295	1.0734e-05
1.2958	1.0679e-05
1.2966	1.06283e-05
1.2973	1.05785e-05
1.2981	1.05264e-05
1.2989	1.04752e-05
1.2997	1.04281e-05
1.3004	1.03819e-05
1.3012	1.03335e-05
1.302	1.02861e-05
1.3028	1.02396e-05
1.3036	1.01969e-05
1.3043	1.0155e-05
1.3051	1.01112e-05
1.3059	1.00683e-05
1.3067	1.00289e-05
1.3074	9.99032e-06
1.3082	9.95e-06
1.309	9.91056e-06
1.3098	9.87199e-06
1.3106	9.83661e-06
1.3113	9.80197e-06
1.3121	9.76584e-06
1.3129	9.73054e-06
1.3137	9.69819e-06
1.3144	9.66655e-06
1.3152	9.63359e-06
1.316	9.60141e-06
1.3168	9.57002e-06
1.3176	9.54129e-06
1.3183	9.51323e-06
1.3191	9.48403e-06
1.3199	9.45558e-06
1.3207	9.42957e-06
1.3214	9.40419e-06
1.3222	9.37782e-06
1.323	9.35215e-06
1.3238	9.32717e-06
1.3246	9.30438e-06
1.3253	9.28218e-06
1.3261	9.25914e-06
1.3269	9.23677e-06
1.3277	9.21637e-06
1.3284	9.19654e-06
1.3292	9.176e-06
1.33	9.15607e-06
1.3308	9.13675e-06
1.3316	9.11918e-06
1.3323	9.10213e-06
1.3331	9.08451e-06
1.3339	9.06746e-06
1.3347	9.05198e-06
1.3354	9.037e-06
1.3362	9.02154e-06
1.337	9.00662e-06
1.3378	8.99223e-06
1.3386	8.97921e-06
1.3393	8.96663e-06
1.3401	8.95371e-06
1.3409	8.94128e-06
1.3417	8.93007e-06
1.3424	8.91928e-06
1.3432	8.90822e-06
1.344	8.89763e-06
1.3448	8.88749e-06
1.3456	8.87839e-06
1.3463	8.86968e-06
1.3471	8.8608e-06
1.3479	8.85235e-06
1.3487	8.8448e-06
1.3494	8.83762e-06
1.3502	8.83034e-06
1.351	8.82346e-06
1.3518	8.81697e-06
1.3526	8.81123e-06
1.3533	8.80583e-06
1.3541	8.80041e-06
1.3549	8.79536e-06
1.3557	8.79096e-06
1.3564	8.78685e-06
1.3572	8.78281e-06
1.358	8.77911e-06
1.3588	8.77573e-06
1.3596	8.77287e-06
1.3603	8.77028e-06
1.3611	8.76783e-06
1.3619	8.76569e-06
1.3627	8.76396e-06
1.3634	8.76249e-06
1.3642	8.76121e-06
1.365	8.76021e-06
1.3658	8.7595e-06
1.3666	8.75909e-06
1.3673	8.75892e-06
1.3681	8.759e-06
1.3689	8.75934e-06
1.3697	8.7599e-06
1.3704	8.76068e-06
1.3712	8.76176e-06
1.372	8.76309e-06
1.3728	8.76466e-06
1.3736	8.76635e-06
1.3743	8.76825e-06
1.3751	8.77049e-06
1.3759	8.77297e-06
1.3767	8.7755e-06
1.3774	8.77822e-06
1.3782	8.78133e-06
1.379	8.78465e-06
1.3798	8.78819e-06
1.3806	8.79169e-06
1.3813	8.79538e-06
1.3821	8.7995e-06
1.3829	8.80382e-06
1.3837	8.80805e-06
1.3844	8.81245e-06
1.3852	8.81732e-06
1.386	8.82239e-06
1.3868	8.82763e-06
1.3876	8.83272e-06
1.3883	8.83796e-06
1.3891	8.84372e-06
1.3899	8.84966e-06
1.3907	8.85538e-06
1.3914	8.86126e-06
1.3922	8.86768e-06
1.393	8.87427e-06
1.3938	8.88103e-06
1.3946	8.88751e-06
1.3953	8.89413e-06
1.3961	8.90135e-06
1.3969	8.90872e-06
1.3977	8.91577e-06
1.3984	8.92295e-06
1.3992	8.93077e-06
1.4	8.93873e-06
1.4008	8.94683e-06
1.4016	8.95457e-06
1.4023	8.96243e-06
1.4031	8.97096e-06
1.4039	8.97962e-06
1.4047	8.98788e-06
1.4054	8.99626e-06
1.4062	9.00533e-06
1.407	9.01453e-06
1.4078	9.02388e-06
1.4086	9.03276e-06
1.4093	9.04176e-06
1.4101	9.05149e-06
1.4109	9.06135e-06
1.4117	9.07072e-06
1.4124	9.0802e-06
1.4132	9.09044e-06
1.414	9.10081e-06
1.4148	9.1113e-06
1.4156	9.12126e-06
1.4163	9.13133e-06
1.4171	9.14219e-06
1.4179	9.15318e-06
1.4187	9.16359e-06
1.4194	9.17412e-06
1.4202	9.18546e-06
1.421	9.19693e-06
1.4218	9.20853e-06
1.4226	9.21951e-06
1.4233	9.2306e-06
1.4241	9.24254e-06
1.4249	9.25461e-06
1.4257	9.26604e-06
1.4264	9.27757e-06
1.4272	9.28999e-06
1.428	9.30253e-06
1.4288	9.3152e-06
1.4296	9.32718e-06
1.4303	9.33927e-06
1.4311	9.35228e-06
1.4319	9.36541e-06
1.4327	9.37784e-06
1.4334	9.39036e-06
1.4342	9.40385e-06
1.435	9.41745e-06
1.4358	9.43118e-06
1.4366	9.44416e-06
1.4373	9.45724e-06
1.4381	9.47132e-06
1.4389	9.48552e-06
1.4397	9.49895e-06
1.4404	9.51248e-06
1.4412	9.52704e-06
1.442	9.54172e-06
1.4428	9.55653e-06
1.4436	9.57052e-06
1.4443	9.58462e-06
1.4451	9.59979e-06
1.4459	9.61509e-06
1.4467	9.62954e-06
1.4474	9.64411e-06
1.4482	9.65977e-06
1.449	9.67556e-06
1.4498	9.69148e-06
1.4506	9.70653e-06
1.4513	9.72169e-06
1.4521	9.73799e-06
1.4529	9.75443e-06
1.4537	9.76996e-06
1.4544	9.78561e-06
1.4552	9.80243e-06
1.456	9.81939e-06
1.4568	9.83649e-06
1.4576	9.85265e-06
1.4583	9.86893e-06
1.4591	9.88643e-06
1.4599	9.90408e-06
1.4607	9.92075e-06
1.4614	9.93755e-06
1.4622	9.95562e-06
1.463	9.97383e-06
1.4638	9.99218e-06
1.4646	1.00095e-05
1.4653	1.0027e-05
1.4661	1.00458e-05
1.4669	1.00648e-05
1.4677	1.00827e-05
1.4684	1.01007e-05
1.4692	1.01201e-05
1.47	1.01397e-05
1.4708	1.01594e-05
1.4716	1.01781e-05
1.4723	1.01969e-05
1.4731	1.02171e-05
1.4739	1.02374e-05
1.4747	1.02567e-05
1.4754	1.02761e-05
1.4762	1.0297e-05
1.477	1.03181e-05
1.4778	1.03393e-05
1.4786	1.03594e-05
1.4793	1.03796e-05
1.4801	1.04014e-05
1.4809	1.04233e-05
1.4817	1.04441e-05
1.4824	1.0465e-05
1.4832	1.04876e-05
1.484	1.05103e-05
1.4848	1.05332e-05
1.4856	1.05549e-05
1.4863	1.05767e-05
1.4871	1.06003e-05
1.4879	1.0624e-05
1.4887	1.06464e-05
1.4894	1.06691e-05
1.4902	1.06934e-05
1.491	1.0718e-05
1.4918	1.07429e-05
1.4926	1.07663e-05
1.4933	1.079e-05
1.4941	1.08155e-05
1.4949	1.08413e-05
1.4957	1.08656e-05
1.4964	1.08902e-05
1.4972	1.09167e-05
1.498	1.09434e-05
1.4988	1.09704e-05
1.4996	1.09959e-05
1.5003	1.10217e-05
1.5011	1.10495e-05
1.5019	1.10775e-05
1.5027	1.1104e-05
1.5034	1.11308e-05
1.5042	1.11597e-05
1.505	1.11889e-05
1.5058	1.12184e-05
1.5066	1.12463e-05
1.5073	1.12744e-05
1.5081	1.13048e-05
1.5089	1.13355e-05
1.5097	1.13646e-05
1.5104	1.13939e-05
1.5112	1.14256e-05
1.512	1.14576e-05
1.5128	1.14899e-05
1.5136	1.15206e-05
1.5143	1.15515e-05
1.5151	1.15849e-05
1.5159	1.16187e-05
1.5167	1.16507e-05
1.5174	1.1683e-05
1.5182	1.17179e-05
1.519	1.17532e-05
1.5198	1.17889e-05
1.5206	1.18227e-05
1.5213	1.18569e-05
1.5221	1.18938e-05
1.5229	1.19312e-05
1.5237	1.19666e-05
1.5244	1.20024e-05
1.5252	1.20411e-05
1.526	1.20802e-05
1.5268	1.21198e-05
1.5276	1.21574e-05
1.5283	1.21954e-05
1.5291	1.22364e-05
1.5299	1.2278e-05
1.5307	1.23174e-05
1.5314	1.23573e-05
1.5322	1.24004e-05
1.533	1.24441e-05
1.5338	1.24883e-05
1.5346	1.25302e-05
1.5353	1.25727e-05
1.5361	1.26186e-05
1.5369	1.26651e-05
1.5377	1.27093e-05
1.5384	1.2754e-05
1.5392	1.28023e-05
1.54	1.28513e-05
1.5408	1.29009e-05
1.5416	1.29481e-05
1.5423	1.29958e-05
1.5431	1.30474e-05
1.5439	1.30998e-05
1.5447	1.31495e-05
1.5454	1.31999e-05
1.5462	1.32544e-05
1.547	1.33096e-05
1.5478	1.33657e-05
1.5486	1.3419e-05
1.5493	1.3473e-05
1.5501	1.35313e-05
1.5509	1.35906e-05
1.5517	1.36469e-05
1.5524	1.3704e-05
1.5532	1.37658e-05
1.554	1.38285e-05
1.5548	1.38921e-05
1.5556	1.39526e-05
1.5563	1.4014e-05
1.5571	1.40804e-05
1.5579	1.41478e-05
1.5587	1.4212e-05
1.5594	1.4277e-05
1.5602	1.43474e-05
1.561	1.44189e-05
1.5618	1.44915e-05
1.5626	1.45606e-05
1.5633	1.46307e-05
1.5641	1.47066e-05
1.5649	1.47837e-05
1.5657	1.48571e-05
1.5664	1.49315e-05
1.5672	1.50122e-05
1.568	1.50941e-05
1.5688	1.51773e-05
1.5696	1.52565e-05
1.5703	1.5337e-05
1.5711	1.54241e-05
1.5719	1.55126e-05
1.5727	1.55969e-05
1.5734	1.56825e-05
1.5742	1.57753e-05
1.575	1.58695e-05
1.5758	1.59653e-05
1.5766	1.60566e-05
1.5773	1.61492e-05
1.5781	1.62497e-05
1.5789	1.63517e-05
1.5797	1.6449e-05
1.5804	1.65477e-05
1.5812	1.66548e-05
1.582	1.67636e-05
1.5828	1.68743e-05
1.5836	1.69797e-05
1.5843	1.70868e-05
1.5851	1.72029e-05
1.5859	1.7321e-05
1.5867	1.74335e-05
1.5874	1.75478e-05
1.5882	1.76717e-05
1.589	1.77977e-05
1.5898	1.79259e-05
1.5906	1.80481e-05
1.5913	1.81722e-05
1.5921	1.83068e-05
1.5929	1.84438e-05
1.5937	1.85742e-05
1.5944	1.87069e-05
1.5952	1.88507e-05
1.596	1.89969e-05
1.5968	1.91458e-05
1.5976	1.92876e-05
1.5983	1.94318e-05
1.5991	1.95881e-05
1.5999	1.97472e-05
1.6007	1.98989e-05
1.6014	2.0053e-05
1.6022	2.02201e-05
1.603	2.03902e-05
1.6038	2.05633e-05
1.6046	2.07282e-05
1.6053	2.08959e-05
1.6061	2.10778e-05
1.6069	2.12628e-05
1.6077	2.14392e-05
1.6084	2.16186e-05
1.6092	2.18131e-05
1.61	2.2011e-05
1.6108	2.22124e-05
1.6116	2.24044e-05
1.6123	2.25996e-05
1.6131	2.28113e-05
1.6139	2.30267e-05
1.6147	2.32321e-05
1.6154	2.34408e-05
1.6162	2.36673e-05
1.617	2.38977e-05
1.6178	2.41321e-05
1.6186	2.43557e-05
1.6193	2.45829e-05
1.6201	2.48293e-05
1.6209	2.50801e-05
1.6217	2.53192e-05
1.6224	2.55622e-05
1.6232	2.58258e-05
1.624	2.6094e-05
1.6248	2.63669e-05
1.6256	2.6627e-05
1.6263	2.68914e-05
1.6271	2.71782e-05
1.6279	2.747e-05
1.6287	2.77482e-05
1.6294	2.80309e-05
1.6302	2.83375e-05
1.631	2.86495e-05
1.6318	2.89668e-05
1.6326	2.92694e-05
1.6333	2.95768e-05
1.6341	2.99102e-05
1.6349	3.02494e-05
1.6357	3.05727e-05
1.6364	3.09012e-05
1.6372	3.12575e-05
1.638	3.16199e-05
1.6388	3.19885e-05
1.6396	3.23398e-05
1.6403	3.26968e-05
1.6411	3.30839e-05
1.6419	3.34775e-05
1.6427	3.38527e-05
1.6434	3.42339e-05
1.6442	3.46472e-05
1.645	3.50675e-05
1.6458	3.54949e-05
1.6466	3.59021e-05
1.6473	3.63159e-05
1.6481	3.67644e-05
1.6489	3.72205e-05
1.6497	3.7655e-05
1.6504	3.80964e-05
1.6512	3.85748e-05
1.652	3.90612e-05
1.6528	3.95558e-05
1.6536	4.00269e-05
1.6543	4.05053e-05
1.6551	4.10239e-05
1.6559	4.1551e-05
1.6567	4.20531e-05
1.6574	4.2563e-05
1.6582	4.31155e-05
1.659	4.36771e-05
1.6598	4.42479e-05
1.6606	4.47915e-05
1.6613	4.53433e-05
1.6621	4.59413e-05
1.6629	4.6549e-05
1.6637	4.71276e-05
1.6644	4.7715e-05
1.6652	4.83513e-05
1.666	4.89978e-05
1.6668	4.96548e-05
1.6676	5.02802e-05
1.6683	5.09149e-05
1.6691	5.16024e-05
1.6699	5.23008e-05
1.6707	5.29656e-05
1.6714	5.36403e-05
1.6722	5.43709e-05
1.673	5.51129e-05
1.6738	5.58666e-05
1.6746	5.65839e-05
1.6753	5.73116e-05
1.6761	5.80995e-05
1.6769	5.88996e-05
1.6777	5.9661e-05
1.6784	6.04333e-05
1.6792	6.12693e-05
1.68	6.21181e-05
1.6808	6.29799e-05
1.6816	6.37997e-05
1.6823	6.46311e-05
1.6831	6.5531e-05
1.6839	6.64444e-05
1.6847	6.73132e-05
1.6854	6.81941e-05
1.6862	6.91474e-05
1.687	7.01148e-05
1.6878	7.10966e-05
1.6886	7.20301e-05
1.6893	7.29766e-05
1.6901	7.40005e-05
1.6909	7.50393e-05
1.6917	7.6027e-05
1.6924	7.7028e-05
1.6932	7.81108e-05
1.694	7.92092e-05
1.6948	8.03234e-05
1.6956	8.13823e-05
1.6963	8.24555e-05
1.6971	8.36159e-05
1.6979	8.47927e-05
1.6987	8.59111e-05
1.6994	8.70441e-05
1.7002	8.82691e-05
1.701	8.95111e-05
1.7018	9.07704e-05
1.7026	9.19667e-05
1.7033	9.31785e-05
1.7041	9.44883e-05
1.7049	9.58159e-05
1.7057	9.70769e-05
1.7064	9.8354e-05
1.7072	9.9734e-05
1.708	0.000101133
1.7088	0.00010255
1.7096	0.000103896
1.7103	0.000105258
1.7111	0.00010673
1.7119	0.000108221
1.7127	0.000109637
1.7134	0.00011107
1.7142	0.000112618
1.715	0.000114186
1.7158	0.000115774
1.7166	0.000117281
1.7173	0.000118806
1.7181	0.000120453
1.7189	0.000122121
1.7197	0.000123703
1.7204	0.000125304
1.7212	0.000127032
1.722	0.000128782
1.7228	0.000130553
1.7236	0.000132234
1.7243	0.000133933
1.7251	0.000135767
1.7259	0.000137623
1.7267	0.000139384
1.7274	0.000141164
1.7282	0.000143085
1.729	0.000145028
1.7298	0.000146994
1.7306	0.000148859
1.7313	0.000150743
1.7321	0.000152776
1.7329	0.000154832
1.7337	0.000156782
1.7344	0.000158752
1.7352	0.000160876
1.736	0.000163024
1.7368	0.000165197
1.7376	0.000167255
1.7383	0.000169335
1.7391	0.000171577
1.7399	0.000173844
1.7407	0.000175992
1.7414	0.000178161
1.7422	0.000180499
1.743	0.000182862
1.7438	0.00018525
1.7446	0.000187512
1.7453	0.000189796
1.7461	0.000192257
1.7469	0.000194744
1.7477	0.000197098
1.7484	0.000199475
1.7492	0.000202035
1.75	0.000204621
1.7508	0.000207233
1.7516	0.000209706
1.7523	0.000212201
1.7531	0.000214888
1.7539	0.000217602
1.7547	0.00022017
1.7554	0.000222761
1.7562	0.00022555
1.757	0.000228366
1.7578	0.000231208
1.7586	0.000233897
1.7593	0.000236609
1.7601	0.000239528
1.7609	0.000242474
1.7617	0.00024526
1.7624	0.00024807
1.7632	0.000251092
1.764	0.000254142
1.7648	0.000257219
1.7656	0.000260128
1.7663	0.00026306
1.7671	0.000266214
1.7679	0.000269396
1.7687	0.000272402
1.7694	0.000275433
1.7702	0.000278691
1.771	0.000281977
1.7718	0.00028529
1.7726	0.00028842
1.7733	0.000291573
1.7741	0.000294963
1.7749	0.00029838
1.7757	0.000301608
1.7764	0.000304859
1.7772	0.000308353
1.778	0.000311873
1.7788	0.00031542
1.7796	0.00031877
1.7803	0.000322143
1.7811	0.000325767
1.7819	0.000329417
1.7827	0.000332863
1.7834	0.000336332
1.7842	0.000340057
1.785	0.000343809
1.7858	0.000347587
1.7866	0.000351152
1.7873	0.00035474
1.7881	0.000358592
1.7889	0.00036247
1.7897	0.000366128
1.7904	0.000369809
1.7912	0.00037376
1.792	0.000377736
1.7928	0.000381737
1.7936	0.000385511
1.7943	0.000389306
1.7951	0.000393378
1.7959	0.000397475
1.7967	0.000401338
1.7974	0.000405222
1.7982	0.000409388
1.799	0.000413578
1.7998	0.000417792
1.8006	0.000421764
1.8013	0.000425757
1.8021	0.000430038
1.8029	0.000434342
1.8037	0.000438397
1.8044	0.000442473
1.8052	0.000446842
1.806	0.000451233
1.8068	0.000455647
1.8076	0.000459804
1.8083	0.00046398
1.8091	0.000468455
1.8099	0.000472952
1.8107	0.000477186
1.8114	0.000481439
1.8122	0.000485995
1.813	0.000490571
1.8138	0.000495167
1.8146	0.000499494
1.8153	0.000503838
1.8161	0.00050849
1.8169	0.000513161
1.8177	0.000517558
1.8184	0.00052197
1.8192	0.000526695
1.82	0.000531437
1.8208	0.000536197
1.8216	0.000540675
1.8223	0.000545169
1.8231	0.000549978
1.8239	0.000554804
1.8247	0.000559343
1.8254	0.000563896
1.8262	0.000568768
1.827	0.000573655
1.8278	0.000578558
1.8286	0.000583168
1.8293	0.00058779
1.8301	0.000592734
1.8309	0.000597693
1.8317	0.000602354
1.8324	0.000607026
1.8332	0.000612023
1.834	0.000617033
1.8348	0.000622055
1.8356	0.000626774
1.8363	0.000631504
1.8371	0.00063656
1.8379	0.000641627
1.8387	0.000646387
1.8394	0.000651157
1.8402	0.000656255
1.841	0.000661363
1.8418	0.00066648
1.8426	0.000671287
1.8433	0.000676101
1.8441	0.000681244
1.8449	0.000686396
1.8457	0.000691234
1.8464	0.000696078
1.8472	0.000701252
1.848	0.000706434
1.8488	0.000711623
1.8496	0.000716493
1.8503	0.000721369
1.8511	0.000726576
1.8519	0.000731788
1.8527	0.00073668
1.8534	0.000741576
1.8542	0.000746804
1.855	0.000752036
1.8558	0.000757272
1.8566	0.000762184
1.8573	0.0007671
1.8581	0.000772347
1.8589	0.000777598
1.8597	0.000782522
1.8604	0.000787449
1.8612	0.000792707
1.862	0.000797967
1.8628	0.000803229
1.8636	0.000808164
1.8643	0.000813099
1.8651	0.000818366
1.8659	0.000823633
1.8667	0.000828571
1.8674	0.00083351
1.8682	0.000838778
1.869	0.000844047
1.8698	0.000849316
1.8706	0.000854255
1.8713	0.000859193
1.8721	0.00086446
1.8729	0.000869727
1.8737	0.000874663
1.8744	0.000879598
1.8752	0.000884861
1.876	0.000890123
1.8768	0.000895383
1.8776	0.000900313
1.8783	0.000905241
1.8791	0.000910496
1.8799	0.000915748
1.8807	0.000920671
1.8814	0.000925591
1.8822	0.000930837
1.883	0.000936081
1.8838	0.000941323
1.8846	0.000946235
1.8853	0.000951144
1.8861	0.000956378
1.8869	0.00096161
1.8877	0.000966512
1.8884	0.000971412
1.8892	0.000976637
1.89	0.000981858
1.8908	0.000987078
1.8916	0.000991968
1.8923	0.000996857
1.8931	0.00100207
1.8939	0.00100728
1.8947	0.00101216
1.8954	0.00101704
1.8962	0.00102225
1.897	0.00102745
1.8978	0.00103265
1.8986	0.00103752
1.8993	0.0010424
1.9001	0.00104759
1.9009	0.00105279
1.9017	0.00105766
1.9024	0.00106253
1.9032	0.00106772
1.904	0.00107292
1.9048	0.00107811
1.9056	0.00108298
1.9063	0.00108785
1.9071	0.00109305
1.9079	0.00109825
1.9087	0.00110312
1.9094	0.001108
1.9102	0.0011132
1.911	0.00111841
1.9118	0.00112362
1.9126	0.00112851
1.9133	0.0011334
1.9141	0.00113862
1.9149	0.00114385
1.9157	0.00114875
1.9164	0.00115366
1.9172	0.0011589
1.918	0.00116415
1.9188	0.00116941
1.9196	0.00117435
1.9203	0.00117929
1.9211	0.00118457
1.9219	0.00118986
1.9227	0.00119483
1.9234	0.00119981
1.9242	0.00120513
1.925	0.00121047
1.9258	0.00121581
1.9266	0.00122084
1.9273	0.00122588
1.9281	0.00123126
1.9289	0.00123667
1.9297	0.00124175
1.9304	0.00124684
1.9312	0.0012523
1.932	0.00125777
1.9328	0.00126326
1.9336	0.00126842
1.9343	0.00127361
1.9351	0.00127916
1.9359	0.00128474
1.9367	0.00128998
1.9374	0.00129525
1.9382	0.0013009
1.939	0.00130657
1.9398	0.00131227
1.9406	0.00131764
1.9413	0.00132304
1.9421	0.00132882
1.9429	0.00133464
1.9437	0.00134012
1.9444	0.00134563
1.9452	0.00135154
1.946	0.00135749
1.9468	0.00136348
1.9476	0.00136912
1.9483	0.0013748
1.9491	0.0013809
1.9499	0.00138704
1.9507	0.00139283
1.9514	0.00139867
1.9522	0.00140493
1.953	0.00141124
1.9538	0.0014176
1.9546	0.0014236
1.9553	0.00142965
1.9561	0.00143615
1.9569	0.0014427
1.9577	0.0014489
1.9584	0.00145514
1.9592	0.00146185
1.96	0.00146862
1.9608	0.00147544
1.9616	0.0014819
1.9623	0.00148841
1.9631	0.00149541
1.9639	0.00150248
1.9647	0.00150916
1.9654	0.00151591
1.9662	0.00152317
1.967	0.0015305
1.9678	0.0015379
1.9686	0.00154491
1.9693	0.00155198
1.9701	0.0015596
1.9709	0.00156729
1.9717	0.00157457
1.9724	0.00158192
1.9732	0.00158985
1.974	0.00159785
1.9748	0.00160594
1.9756	0.00161361
1.9763	0.00162135
1.9771	0.00162969
1.9779	0.00163812
1.9787	0.00164611
1.9794	0.00165418
1.9802	0.00166289
1.981	0.00167168
1.9818	0.00168058
1.9826	0.00168901
1.9833	0.00169753
1.9841	0.00170672
1.9849	0.00171602
1.9857	0.00172483
1.9864	0.00173373
1.9872	0.00174333
1.988	0.00175305
1.9888	0.00176288
1.9896	0.00177219
1.9903	0.00178161
1.9911	0.00179177
1.9919	0.00180205
1.9927	0.00181179
1.9934	0.00182164
1.9942	0.00183227
1.995	0.00184302
1.9958	0.0018539
1.9966	0.00186422
1.9973	0.00187465
1.9981	0.0018859
1.9989	0.00189729
1.9997	0.00190808
2.0004	0.001919
2.0012	0.00193078
2.002	0.00194269
2.0028	0.00195475
2.0036	0.00196618
2.0043	0.00197773
2.0051	0.0019902
2.0059	0.00200281
2.0067	0.00201477
2.0074	0.00202687
2.0082	0.00203991
2.009	0.0020531
2.0098	0.00206645
2.0106	0.00207911
2.0113	0.0020919
2.0121	0.0021057
2.0129	0.00211966
2.0137	0.00213289
2.0144	0.00214627
2.0152	0.00216069
2.016	0.00217528
2.0168	0.00219003
2.0176	0.00220402
2.0183	0.00221815
2.0191	0.00223339
2.0199	0.0022488
2.0207	0.0022634
2.0214	0.00227816
2.0222	0.00229407
2.023	0.00231015
2.0238	0.00232642
2.0246	0.00234182
2.0253	0.00235739
2.0261	0.00237417
2.0269	0.00239112
2.0277	0.00240719
2.0284	0.00242341
2.0292	0.0024409
2.03	0.00245857
2.0308	0.00247643
2.0316	0.00249334
2.0323	0.00251042
2.0331	0.00252882
2.0339	0.0025474
2.0347	0.002565
2.0354	0.00258277
2.0362	0.00260191
2.037	0.00262124
2.0378	0.00264077
2.0386	0.00265925
2.0393	0.00267791
2.0401	0.00269799
2.0409	0.00271828
2.0417	0.00273747
2.0424	0.00275684
2.0432	0.00277769
2.044	0.00279874
2.0448	0.00281999
2.0456	0.00284009
2.0463	0.00286036
2.0471	0.00288219
2.0479	0.00290421
2.0487	0.00292504
2.0494	0.00294604
2.0502	0.00296864
2.051	0.00299144
2.0518	0.00301445
2.0526	0.00303619
2.0533	0.00305812
2.0541	0.0030817
2.0549	0.00310548
2.0557	0.00312796
2.0564	0.00315062
2.0572	0.00317498
2.058	0.00319955
2.0588	0.00322431
2.0596	0.00324771
2.0603	0.00327129
2.0611	0.00329663
2.0619	0.00332217
2.0627	0.00334629
2.0634	0.00337059
2.0642	0.00339671
2.065	0.00342302
2.0658	0.00344952
2.0666	0.00347455
2.0673	0.00349976
2.0681	0.00352683
2.0689	0.0035541
2.0697	0.00357983
2.0704	0.00360574
2.0712	0.00363357
2.072	0.00366158
2.0728	0.00368978
2.0736	0.0037164
2.0743	0.00374318
2.0751	0.00377192
2.0759	0.00380086
2.0767	0.00382815
2.0774	0.00385561
2.0782	0.00388507
2.079	0.00391471
2.0798	0.00394454
2.0806	0.00397266
2.0813	0.00400094
2.0821	0.00403127
2.0829	0.00406178
2.0837	0.00409054
2.0844	0.00411945
2.0852	0.00415045
2.086	0.00418162
2.0868	0.00421296
2.0876	0.00424249
2.0883	0.00427216
2.0891	0.00430396
2.0899	0.00433593
2.0907	0.00436603
2.0914	0.00439628
2.0922	0.00442869
2.093	0.00446125
2.0938	0.00449396
2.0946	0.00452476
2.0953	0.00455569
2.0961	0.00458881
2.0969	0.00462208
2.0977	0.00465339
2.0984	0.00468482
2.0992	0.00471848
2.1	0.00475227
2.1008	0.00478618
2.1016	0.00481809
2.1023	0.00485011
2.1031	0.00488438
2.1039	0.00491876
2.1047	0.0049511
2.1054	0.00498354
2.1062	0.00501825
2.107	0.00505307
2.1078	0.00508799
2.1086	0.00512082
2.1093	0.00515373
2.1101	0.00518893
2.1109	0.00522423
2.1117	0.0052574
2.1124	0.00529064
2.1132	0.00532618
2.114	0.0053618
2.1148	0.0053975
2.1156	0.00543103
2.1163	0.00546462
2.1171	0.00550052
2.1179	0.00553648
2.1187	0.00557025
2.1194	0.00560406
2.1202	0.00564019
2.121	0.00567636
2.1218	0.00571258
2.1226	0.00574657
2.1233	0.0057806
2.1241	0.00581693
2.1249	0.0058533
2.1257	0.00588741
2.1264	0.00592155
2.1272	0.00595798
2.128	0.00599443
2.1288	0.00603089
2.1296	0.00606509
2.1303	0.00609928
2.1311	0.00613576
2.1319	0.00617224
2.1327	0.00620643
2.1334	0.00624061
2.1342	0.00627706
2.135	0.00631349
2.1358	0.0063499
2.1366	0.00638401
2.1373	0.00641809
2.1381	0.00645442
2.1389	0.0064907
2.1397	0.00652468
2.1404	0.00655862
2.1412	0.00659477
2.142	0.00663087
2.1428	0.0066669
2.1436	0.00670063
2.1443	0.0067343
2.1451	0.00677015
2.1459	0.00680592
2.1467	0.00683938
2.1474	0.00687277
2.1482	0.0069083
2.149	0.00694374
2.1498	0.00697908
2.1506	0.00701212
2.1513	0.00704507
2.1521	0.00708011
2.1529	0.00711504
2.1537	0.00714767
2.1544	0.0071802
2.1552	0.00721478
2.156	0.00724922
2.1568	0.00728353
2.1576	0.00731557
2.1583	0.00734748
2.1591	0.00738138
2.1599	0.00741512
2.1607	0.00744662
2.1614	0.00747797
2.1622	0.00751125
2.163	0.00754437
2.1638	0.00757731
2.1646	0.00760803
2.1653	0.00763859
2.1661	0.00767101
2.1669	0.00770323
2.1677	0.00773327
2.1684	0.00776313
2.1692	0.00779479
2.17	0.00782624
2.1708	0.00785747
2.1716	0.00788656
2.1723	0.00791546
2.1731	0.00794607
2.1739	0.00797644
2.1747	0.00800471
2.1754	0.00803278
2.1762	0.00806248
2.177	0.00809193
2.1778	0.00812114
2.1786	0.0081483
2.1793	0.00817523
2.1801	0.0082037
2.1809	0.00823191
2.1817	0.00825812
2.1824	0.00828408
2.1832	0.00831152
2.184	0.00833867
2.1848	0.00836554
2.1856	0.00839047
2.1863	0.00841514
2.1871	0.00844118
2.1879	0.00846692
2.1887	0.00849077
2.1894	0.00851436
2.1902	0.00853923
2.191	0.00856378
2.1918	0.00858802
2.1926	0.00861045
2.1933	0.0086326
2.1941	0.00865592
2.1949	0.0086789
2.1957	0.00870015
2.1964	0.0087211
2.1972	0.00874313
2.198	0.00876481
2.1988	0.00878615
2.1996	0.00880584
2.2003	0.00882522
2.2011	0.00884555
2.2019	0.00886553
2.2027	0.00888393
2.2034	0.00890202
2.2042	0.00892095
2.205	0.00893952
2.2058	0.00895772
2.2066	0.00897445
2.2073	0.00899084
2.2081	0.00900797
2.2089	0.00902471
2.2097	0.00904006
2.2104	0.00905507
2.2112	0.00907071
2.212	0.00908596
2.2128	0.00910082
2.2136	0.00911439
2.2143	0.00912761
2.2151	0.00914133
2.2159	0.00915465
2.2167	0.00916678
2.2174	0.00917855
2.2182	0.00919071
2.219	0.00920246
2.2198	0.00921381
2.2206	0.00922407
2.2213	0.00923398
2.2221	0.00924414
2.2229	0.00925389
2.2237	0.00926265
2.2244	0.00927104
2.2252	0.00927959
2.226	0.00928772
2.2268	0.00929542
2.2276	0.00930226
2.2283	0.00930873
2.2291	0.00931522
2.2299	0.00932129
2.2307	0.00932658
2.2314	0.00933151
2.2322	0.00933634
2.233	0.00934075
2.2338	0.00934473
2.2346	0.00934807
2.2353	0.00935104
2.2361	0.00935378
2.2369	0.0093561
2.2377	0.00935787
2.2384	0.00935927
2.2392	0.00936035
2.24	0.00936099
2.2408	0.0093612
2.2416	0.00936101
2.2423	0.00936043
2.2431	0.0093594
2.2439	0.00935794
2.2447	0.00935618
2.2454	0.00935405
2.2462	0.00935135
2.247	0.00934822
2.2478	0.00934466
2.2486	0.00934094
2.2493	0.00933684
2.2501	0.00933205
2.2509	0.00932684
2.2517	0.00932157
2.2524	0.00931592
2.2532	0.00930949
2.254	0.00930263
2.2548	0.00929535
2.2556	0.00928814
2.2563	0.00928057
2.2571	0.00927208
2.2579	0.00926318
2.2587	0.00925446
2.2594	0.00924537
2.2602	0.00923528
2.261	0.00922477
2.2618	0.00921386
2.2626	0.00920326
2.2633	0.0091923
2.2641	0.00918022
2.2649	0.00916773
2.2657	0.00915566
2.2664	0.00914324
2.2672	0.00912961
2.268	0.00911559
2.2688	0.00910117
2.2696	0.00908729
2.2703	0.00907308
2.2711	0.00905754
2.2719	0.00904162
2.2727	0.00902635
2.2734	0.00901074
2.2742	0.00899373
2.275	0.00897634
2.2758	0.00895858
2.2766	0.0089416
2.2773	0.00892429
2.2781	0.00890548
2.2789	0.0088863
2.2797	0.008868
2.2804	0.00884938
2.2812	0.00882918
2.282	0.00880863
2.2828	0.00878774
2.2836	0.00876783
2.2843	0.00874763
2.2851	0.00872575
2.2859	0.00870354
2.2867	0.00868241
2.2874	0.008661
2.2882	0.00863784
2.289	0.00861436
2.2898	0.00859055
2.2906	0.00856795
2.2913	0.00854508
2.2921	0.00852038
2.2929	0.00849537
2.2937	0.00847165
2.2944	0.00844767
2.2952	0.00842181
2.296	0.00839565
2.2968	0.0083692
2.2976	0.00834415
2.2983	0.00831885
2.2991	0.00829159
2.2999	0.00826406
2.3007	0.00823801
2.3014	0.00821172
2.3022	0.00818342
2.303	0.00815487
2.3038	0.00812606
2.3046	0.00809882
2.3053	0.00807136
2.3061	0.00804184
2.3069	0.00801208
2.3077	0.00798396
2.3084	0.00795564
2.3092	0.0079252
2.31	0.00789455
2.3108	0.00786367
2.3116	0.00783453
2.3123	0.00780519
2.3131	0.0077737
2.3139	0.00774201
2.3147	0.00771212
2.3154	0.00768205
2.3162	0.00764979
2.317	0.00761734
2.3178	0.0075847
2.3186	0.00755395
2.3193	0.00752303
2.3201	0.00748989
2.3209	0.00745658
2.3217	0.0074252
2.3224	0.00739368
2.3232	0.00735991
2.324	0.00732598
2.3248	0.00729191
2.3256	0.00725983
2.3263	0.00722763
2.3271	0.00719316
2.3279	0.00715855
2.3287	0.00712598
2.3294	0.00709331
2.3302	0.00705834
2.331	0.00702326
2.3318	0.00698806
2.3326	0.00695497
2.3333	0.00692178
2.3341	0.00688628
2.3349	0.00685069
2.3357	0.00681724
2.3364	0.00678371
2.3372	0.00674786
2.338	0.00671194
2.3388	0.00667593
2.3396	0.00664211
2.3403	0.00660823
2.3411	0.00657203
2.3419	0.00653577
2.3427	0.00650172
2.3434	0.00646762
2.3442	0.0064312
2.345	0.00639474
2.3458	0.00635824
2.3466	0.00632398
2.3473	0.00628969
2.3481	0.00625308
2.3489	0.00621645
2.3497	0.00618209
2.3504	0.00614771
2.3512	0.00611102
2.352	0.00607431
2.3528	0.0060376
2.3536	0.00600318
2.3543	0.00596876
2.3551	0.00593204
2.3559	0.00589533
2.3567	0.00586092
2.3574	0.00582652
2.3582	0.00578984
2.359	0.00575318
2.3598	0.00571654
2.3606	0.00568221
2.3613	0.00564791
2.3621	0.00561135
2.3629	0.00557483
2.3637	0.00554063
2.3644	0.00550646
2.3652	0.00547005
2.366	0.0054337
2.3668	0.00539739
2.3676	0.00536341
2.3683	0.00532947
2.3691	0.00529332
2.3699	0.00525724
2.3707	0.00522348
2.3714	0.00518977
2.3722	0.00515389
2.373	0.00511808
2.3738	0.00508235
2.3746	0.00504892
2.3753	0.00501556
2.3761	0.00498007
2.3769	0.00494466
2.3777	0.00491154
2.3784	0.00487851
2.3792	0.00484336
2.38	0.00480832
2.3808	0.00477337
2.3816	0.00474071
2.3823	0.00470813
2.3831	0.00467349
2.3839	0.00463895
2.3847	0.00460668
2.3854	0.0045745
2.3862	0.0045403
2.387	0.00450621
2.3878	0.00447224
2.3886	0.00444051
2.3893	0.00440889
2.3901	0.00437528
2.3909	0.0043418
2.3917	0.00431053
2.3924	0.00427938
2.3932	0.00424628
2.394	0.00421332
2.3948	0.00418049
2.3956	0.00414985
2.3963	0.00411933
2.3971	0.00408691
2.3979	0.00405464
2.3987	0.00402452
2.3994	0.00399453
2.4002	0.00396268
2.401	0.00393099
2.4018	0.00389945
2.4026	0.00387002
2.4033	0.00384072
2.4041	0.00380963
2.4049	0.00377869
2.4057	0.00374983
2.4064	0.00372112
2.4072	0.00369064
2.408	0.00366033
2.4088	0.00363019
2.4096	0.00360207
2.4103	0.00357411
2.4111	0.00354444
2.4119	0.00351494
2.4127	0.00348744
2.4134	0.00346009
2.4142	0.00343108
2.415	0.00340224
2.4158	0.00337358
2.4166	0.00334686
2.4173	0.0033203
2.4181	0.00329214
2.4189	0.00326415
2.4197	0.00323808
2.4204	0.00321215
2.4212	0.00318468
2.422	0.00315738
2.4228	0.00313026
2.4236	0.003105
2.4243	0.0030799
2.4251	0.0030533
2.4259	0.00302688
2.4267	0.00300227
2.4274	0.00297783
2.4282	0.00295193
2.429	0.00292622
2.4298	0.00290068
2.4306	0.00287691
2.4313	0.0028533
2.4321	0.0028283
2.4329	0.00280347
2.4337	0.00278037
2.4344	0.00275742
2.4352	0.00273313
2.436	0.00270902
2.4368	0.00268509
2.4376	0.00266282
2.4383	0.00264072
2.4391	0.00261732
2.4399	0.0025941
2.4407	0.0025725
2.4414	0.00255106
2.4422	0.00252837
2.443	0.00250587
2.4438	0.00248354
2.4446	0.00246278
2.4453	0.00244218
2.4461	0.00242038
2.4469	0.00239876
2.4477	0.00237866
2.4484	0.00235871
2.4492	0.00233761
2.45	0.0023167
2.4508	0.00229596
2.4516	0.00227668
2.4523	0.00225756
2.4531	0.00223733
2.4539	0.00221729
2.4547	0.00219865
2.4554	0.00218018
2.4562	0.00216064
2.457	0.00214128
2.4578	0.00212209
2.4586	0.00210427
2.4593	0.00208659
2.4601	0.00206791
2.4609	0.00204939
2.4617	0.0020322
2.4624	0.00201515
2.4632	0.00199713
2.464	0.00197928
2.4648	0.0019616
2.4656	0.00194518
2.4663	0.0019289
2.4671	0.00191171
2.4679	0.00189468
2.4687	0.00187886
2.4694	0.00186319
2.4702	0.00184663
2.471	0.00183024
2.4718	0.00181401
2.4726	0.00179894
2.4733	0.00178401
2.4741	0.00176824
2.4749	0.00175263
2.4757	0.00173814
2.4764	0.00172379
2.4772	0.00170863
2.478	0.00169362
2.4788	0.00167878
2.4796	0.00166499
2.4803	0.00165135
2.4811	0.00163694
2.4819	0.00162268
2.4827	0.00160944
2.4834	0.00159634
2.4842	0.00158251
2.485	0.00156882
2.4858	0.00155528
2.4866	0.00154272
2.4873	0.00153028
2.4881	0.00151716
2.4889	0.00150417
2.4897	0.00149212
2.4904	0.0014802
2.4912	0.00146762
2.492	0.00145517
2.4928	0.00144286
2.4936	0.00143144
2.4943	0.00142014
2.4951	0.00140822
2.4959	0.00139643
2.4967	0.00138549
2.4974	0.00137467
2.4982	0.00136326
2.499	0.00135197
2.4998	0.00134081
2.5006	0.00133046
2.5013	0.00132022
2.5021	0.00130942
2.5029	0.00129874
2.5037	0.00128884
2.5044	0.00127904
2.5052	0.00126871
2.506	0.0012585
2.5068	0.0012484
2.5076	0.00123904
2.5083	0.00122979
2.5091	0.00122002
2.5099	0.00121037
2.5107	0.00120143
2.5114	0.00119258
2.5122	0.00118325
2.513	0.00117402
2.5138	0.00116491
2.5146	0.00115646
2.5153	0.00114811
2.5161	0.0011393
2.5169	0.00113059
2.5177	0.00112253
2.5184	0.00111455
2.5192	0.00110613
2.52	0.00109782
2.5208	0.0010896
2.5216	0.00108199
2.5223	0.00107446
2.5231	0.00106653
2.5239	0.00105868
2.5247	0.00105142
2.5254	0.00104423
2.5262	0.00103665
2.527	0.00102917
2.5278	0.00102177
2.5286	0.00101492
2.5293	0.00100814
2.5301	0.00100099
2.5309	0.000993933
2.5317	0.000987392
2.5324	0.000980924
2.5332	0.000974105
2.534	0.000967367
2.5348	0.00096071
2.5356	0.000954542
2.5363	0.000948443
2.5371	0.000942013
2.5379	0.00093566
2.5387	0.000929773
2.5394	0.000923952
2.5402	0.000917815
2.541	0.000911752
2.5418	0.00090576
2.5426	0.000900209
2.5433	0.000894719
2.5441	0.000888931
2.5449	0.000883211
2.5457	0.000877911
2.5464	0.00087267
2.5472	0.000867144
2.548	0.000861683
2.5488	0.000856286
2.5496	0.000851285
2.5503	0.000846339
2.5511	0.000841124
2.5519	0.000835969
2.5527	0.000831192
2.5534	0.000826467
2.5542	0.000821484
2.555	0.000816559
2.5558	0.000811691
2.5566	0.000807179
2.5573	0.000802716
2.5581	0.000798008
2.5589	0.000793355
2.5597	0.00078904
2.5604	0.000784773
2.5612	0.00078027
2.562	0.000775819
2.5628	0.000771419
2.5636	0.000767338
2.5643	0.000763301
2.5651	0.000759041
2.5659	0.000754829
2.5667	0.000750922
2.5674	0.000747056
2.5682	0.000742977
2.569	0.000738942
2.5698	0.000734952
2.5706	0.00073125
2.5713	0.000727586
2.5721	0.000723719
2.5729	0.000719893
2.5737	0.000716344
2.5744	0.00071283
2.5752	0.00070912
2.576	0.000705449
2.5768	0.000701817
2.5776	0.000698446
2.5783	0.000695108
2.5791	0.000691583
2.5799	0.000688094
2.5807	0.000684855
2.5814	0.000681647
2.5822	0.000678258
2.583	0.000674904
2.5838	0.000671582
2.5846	0.000668498
2.5853	0.000665442
2.5861	0.000662214
2.5869	0.000659016
2.5877	0.000656046
2.5884	0.000653103
2.5892	0.000649992
2.59	0.00064691
2.5908	0.000643857
2.5916	0.00064102
2.5923	0.000638207
2.5931	0.000635234
2.5939	0.000632287
2.5947	0.000629548
2.5954	0.000626832
2.5962	0.000623959
2.597	0.000621112
2.5978	0.000618288
2.5986	0.000615664
2.5993	0.000613059
2.6001	0.000610304
2.6009	0.000607572
2.6017	0.000605031
2.6024	0.000602509
2.6032	0.00059984
2.604	0.000597192
2.6048	0.000594565
2.6056	0.00059212
2.6063	0.000589694
2.6071	0.000587125
2.6079	0.000584575
2.6087	0.000582201
2.6094	0.000579844
2.6102	0.000577348
2.611	0.000574869
2.6118	0.000572409
2.6126	0.000570117
2.6133	0.000567841
2.6141	0.000565429
2.6149	0.000563033
2.6157	0.000560801
2.6164	0.000558584
2.6172	0.000556233
2.618	0.000553897
2.6188	0.000551576
2.6196	0.000549414
2.6203	0.000547264
2.6211	0.000544984
2.6219	0.000542718
2.6227	0.000540605
2.6234	0.000538504
2.6242	0.000536276
2.625	0.00053406
2.6258	0.000531857
2.6266	0.000529802
2.6273	0.000527758
2.6281	0.000525589
2.6289	0.000523431
2.6297	0.000521418
2.6304	0.000519415
2.6312	0.000517288
2.632	0.000515172
2.6328	0.000513067
2.6336	0.000511102
2.6343	0.000509146
2.6351	0.000507069
2.6359	0.000505001
2.6367	0.000503071
2.6374	0.000501149
2.6382	0.000499108
2.639	0.000497075
2.6398	0.00049505
2.6406	0.00049316
2.6413	0.000491277
2.6421	0.000489277
2.6429	0.000487284
2.6437	0.000485422
2.6444	0.000483568
2.6452	0.000481597
2.646	0.000479633
2.6468	0.000477676
2.6476	0.000475847
2.6483	0.000474025
2.6491	0.000472088
2.6499	0.000470157
2.6507	0.000468352
2.6514	0.000466553
2.6522	0.00046464
2.653	0.000462733
2.6538	0.000460832
2.6546	0.000459055
2.6553	0.000457283
2.6561	0.000455398
2.6569	0.000453519
2.6577	0.000451761
2.6584	0.000450009
2.6592	0.000448144
2.66	0.000446284
2.6608	0.00044443
2.6616	0.000442695
2.6623	0.000440965
2.6631	0.000439123
2.6639	0.000437287
2.6647	0.000435569
2.6654	0.000433855
2.6662	0.00043203
2.667	0.00043021
2.6678	0.000428394
2.6686	0.000426696
2.6693	0.000425
2.6701	0.000423196
2.6709	0.000421395
2.6717	0.00041971
2.6724	0.000418029
2.6732	0.000416239
2.674	0.000414452
2.6748	0.000412669
2.6756	0.000411001
2.6763	0.000409335
2.6771	0.000407562
2.6779	0.000405792
2.6787	0.000404135
2.6794	0.000402482
2.6802	0.000400721
2.681	0.000398964
2.6818	0.000397209
2.6826	0.000395567
2.6833	0.000393927
2.6841	0.000392181
2.6849	0.000390438
2.6857	0.000388807
2.6864	0.000387178
2.6872	0.000385443
2.688	0.000383711
2.6888	0.000381982
2.6896	0.000380363
2.6903	0.000378747
2.6911	0.000377026
2.6919	0.000375307
2.6927	0.000373698
2.6934	0.000372091
2.6942	0.00037038
2.695	0.000368671
2.6958	0.000366965
2.6966	0.000365368
2.6973	0.000363774
2.6981	0.000362075
2.6989	0.000360379
2.6997	0.000358791
2.7004	0.000357205
2.7012	0.000355516
2.702	0.00035383
2.7028	0.000352146
2.7036	0.00035057
2.7043	0.000348995
2.7051	0.000347319
2.7059	0.000345644
2.7067	0.000344077
2.7074	0.000342512
2.7082	0.000340845
2.709	0.00033918
2.7098	0.000337518
2.7106	0.000335962
2.7113	0.000334408
2.7121	0.000332753
2.7129	0.0003311
2.7137	0.000329553
2.7144	0.000328009
2.7152	0.000326363
2.716	0.00032472
2.7168	0.00032308
2.7176	0.000321545
2.7183	0.000320012
2.7191	0.000318379
2.7199	0.000316749
2.7207	0.000315223
2.7214	0.000313699
