7.7778e-003 1.4467e-131
8.5556e-003 3.4387e-125
9.3333e-003 1.2560e-119
1.0111e-002 1.0187e-114
1.0889e-002 2.4144e-110
1.1667e-002 2.0611e-106
1.2444e-002 7.4574e-103
1.3222e-002 1.3006e-099
1.4000e-002 1.2124e-096
1.4778e-002 6.5699e-094
1.5556e-002 2.2179e-091
1.6333e-002 4.9406e-089
1.7111e-002 7.6211e-087
1.7889e-002 8.4806e-085
1.8667e-002 7.0496e-083
1.9444e-002 4.5109e-081
2.0222e-002 2.2804e-079
2.1000e-002 9.3160e-078
2.1778e-002 3.1372e-076
2.2556e-002 8.8629e-075
2.3333e-002 2.1333e-073
2.4111e-002 4.4363e-072
2.4889e-002 8.0699e-071
2.5667e-002 1.2987e-069
2.6444e-002 1.8681e-068
2.7222e-002 2.4246e-067
2.8000e-002 2.8646e-066
2.8778e-002 3.1062e-065
2.9556e-002 3.1158e-064
3.0333e-002 2.9137e-063
3.1111e-002 2.5597e-062
3.1889e-002 2.1295e-061
3.2667e-002 1.6922e-060
3.3444e-002 1.2970e-059
3.4222e-002 9.7028e-059
3.5000e-002 7.1941e-058
3.5778e-002 5.4012e-057
3.6556e-002 4.2409e-056
3.7333e-002 3.6599e-055
3.8111e-002 3.6469e-054
3.8889e-002 3.0905e-053
3.9667e-002 7.6801e-053
4.0444e-002 1.2119e-052
4.1222e-002 2.1995e-052
4.2000e-002 4.5181e-052
4.2778e-002 9.9862e-052
4.3556e-002 2.2999e-051
4.4333e-002 5.4136e-051
4.5111e-002 1.2868e-050
4.5889e-002 3.0654e-050
4.6667e-002 7.2807e-050
4.7444e-002 1.7183e-049
4.8222e-002 4.0203e-049
4.9000e-002 9.3100e-049
4.9778e-002 2.1317e-048
5.0556e-002 4.8223e-048
5.1333e-002 1.0773e-047
5.2111e-002 2.3763e-047
5.2889e-002 5.1745e-047
5.3667e-002 1.1123e-046
5.4444e-002 2.3605e-046
5.5222e-002 4.9462e-046
5.6000e-002 1.0235e-045
5.6778e-002 2.0917e-045
5.7556e-002 4.2235e-045
5.8333e-002 8.4266e-045
5.9111e-002 1.6618e-044
5.9889e-002 3.2399e-044
6.0667e-002 6.2464e-044
6.1444e-002 1.1912e-043
6.2222e-002 2.2477e-043
6.3000e-002 4.1970e-043
6.3778e-002 7.7579e-043
6.4556e-002 1.4199e-042
6.5333e-002 2.5736e-042
6.6111e-002 4.6210e-042
6.6889e-002 8.2213e-042
6.7667e-002 1.4496e-041
6.8444e-002 2.5336e-041
6.9222e-002 4.3905e-041
7.0000e-002 7.5452e-041
7.0778e-002 1.2862e-040
7.1556e-002 2.1750e-040
7.2333e-002 3.6498e-040
7.3111e-002 6.0783e-040
7.3889e-002 1.0048e-039
7.4667e-002 1.6491e-039
7.5444e-002 2.6875e-039
7.6222e-002 4.3498e-039
7.7000e-002 6.9929e-039
7.7778e-002 1.1168e-038
7.8556e-002 1.7723e-038
7.9333e-002 2.7948e-038
8.0111e-002 4.3802e-038
8.0889e-002 6.8238e-038
8.1667e-002 1.0568e-037
8.2444e-002 1.6274e-037
8.3222e-002 2.4919e-037
8.4000e-002 3.7947e-037
8.4778e-002 5.7476e-037
8.5556e-002 8.6597e-037
8.6333e-002 1.2980e-036
8.7111e-002 1.9358e-036
8.7889e-002 2.8726e-036
8.8667e-002 4.2422e-036
8.9444e-002 6.2350e-036
9.0222e-002 9.1213e-036
9.1000e-002 1.3283e-035
9.1778e-002 1.9257e-035
9.2556e-002 2.7795e-035
9.3333e-002 3.9947e-035
9.4111e-002 5.7169e-035
9.4889e-002 8.1478e-035
9.5667e-002 1.1565e-034
9.6444e-002 1.6350e-034
9.7222e-002 2.3026e-034
9.8000e-002 3.2301e-034
9.8778e-002 4.5143e-034
9.9556e-002 6.2857e-034
1.0033e-001 8.7204e-034
1.0111e-001 1.2055e-033
1.0189e-001 1.6607e-033
1.0267e-001 2.2798e-033
1.0344e-001 3.1192e-033
1.0422e-001 4.2534e-033
1.0500e-001 5.7812e-033
1.0578e-001 7.8325e-033
1.0656e-001 1.0578e-032
1.0733e-001 1.4242e-032
1.0811e-001 1.9117e-032
1.0889e-001 2.5584e-032
1.0967e-001 3.4137e-032
1.1044e-001 4.5417e-032
1.1122e-001 6.0253e-032
1.1200e-001 7.9711e-032
1.1278e-001 1.0516e-031
1.1356e-001 1.3836e-031
1.1433e-001 1.8156e-031
1.1511e-001 2.3762e-031
1.1589e-001 3.1018e-031
1.1667e-001 4.0387e-031
1.1744e-001 5.2454e-031
1.1822e-001 6.7959e-031
1.1900e-001 8.7832e-031
1.1978e-001 1.1325e-030
1.2056e-001 1.4567e-030
1.2133e-001 1.8695e-030
1.2211e-001 2.3937e-030
1.2289e-001 3.0580e-030
1.2367e-001 3.8980e-030
1.2444e-001 4.9579e-030
1.2522e-001 6.2924e-030
1.2600e-001 7.9693e-030
1.2678e-001 1.0072e-029
1.2756e-001 1.2703e-029
1.2833e-001 1.5989e-029
1.2911e-001 2.0085e-029
1.2989e-001 2.5181e-029
1.3067e-001 3.1508e-029
1.3144e-001 3.9349e-029
1.3222e-001 4.9048e-029
1.3300e-001 6.1025e-029
1.3378e-001 7.5787e-029
1.3456e-001 9.3949e-029
1.3533e-001 1.1626e-028
1.3611e-001 1.4361e-028
1.3689e-001 1.7708e-028
1.3767e-001 2.1799e-028
1.3844e-001 2.6789e-028
1.3922e-001 3.2867e-028
1.4000e-001 4.0257e-028
1.4078e-001 4.9229e-028
1.4156e-001 6.0103e-028
1.4233e-001 7.3264e-028
1.4311e-001 8.9168e-028
1.4389e-001 1.0836e-027
1.4467e-001 1.3147e-027
1.4544e-001 1.5928e-027
1.4622e-001 1.9269e-027
1.4700e-001 2.3276e-027
1.4778e-001 2.8076e-027
1.4856e-001 3.3818e-027
1.4933e-001 4.0676e-027
1.5011e-001 4.8857e-027
1.5089e-001 5.8603e-027
1.5167e-001 7.0197e-027
1.5244e-001 8.3973e-027
1.5322e-001 1.0032e-026
1.5400e-001 1.1969e-026
1.5478e-001 1.4262e-026
1.5556e-001 1.6973e-026
1.5633e-001 2.0173e-026
1.5711e-001 2.3946e-026
1.5789e-001 2.8391e-026
1.5867e-001 3.3620e-026
1.5944e-001 3.9764e-026
1.6022e-001 4.6974e-026
1.6100e-001 5.5428e-026
1.6178e-001 6.5327e-026
1.6256e-001 7.6905e-026
1.6333e-001 9.0433e-026
1.6411e-001 1.0622e-025
1.6489e-001 1.2463e-025
1.6567e-001 1.4607e-025
1.6644e-001 1.7101e-025
1.6722e-001 1.9999e-025
1.6800e-001 2.3364e-025
1.6878e-001 2.7266e-025
1.6956e-001 3.1788e-025
1.7033e-001 3.7021e-025
1.7111e-001 4.3073e-025
1.7189e-001 5.0064e-025
1.7267e-001 5.8131e-025
1.7344e-001 6.7433e-025
1.7422e-001 7.8148e-025
1.7500e-001 9.0478e-025
1.7578e-001 1.0466e-024
1.7656e-001 1.2094e-024
1.7733e-001 1.3963e-024
1.7811e-001 1.6106e-024
1.7889e-001 1.8561e-024
1.7967e-001 2.1371e-024
1.8044e-001 2.4585e-024
1.8122e-001 2.8258e-024
1.8200e-001 3.2450e-024
1.8278e-001 3.7233e-024
1.8356e-001 4.2685e-024
1.8433e-001 4.8893e-024
1.8511e-001 5.5958e-024
1.8589e-001 6.3990e-024
1.8667e-001 7.3116e-024
1.8744e-001 8.3476e-024
1.8822e-001 9.5228e-024
1.8900e-001 1.0855e-023
1.8978e-001 1.2364e-023
1.9056e-001 1.4071e-023
1.9133e-001 1.6002e-023
1.9211e-001 1.8184e-023
1.9289e-001 2.0648e-023
1.9367e-001 2.3429e-023
1.9444e-001 2.6564e-023
1.9522e-001 3.0097e-023
1.9600e-001 3.4075e-023
1.9678e-001 3.8552e-023
1.9756e-001 4.3585e-023
1.9833e-001 4.9241e-023
1.9911e-001 5.5592e-023
1.9989e-001 6.2720e-023
2.0067e-001 7.0713e-023
2.0144e-001 7.9670e-023
2.0222e-001 8.9702e-023
2.0300e-001 1.0093e-022
2.0378e-001 1.1349e-022
2.0456e-001 1.2753e-022
2.0533e-001 1.4321e-022
2.0611e-001 1.6072e-022
2.0689e-001 1.8026e-022
2.0767e-001 2.0204e-022
2.0844e-001 2.2632e-022
2.0922e-001 2.5335e-022
2.1000e-001 2.8345e-022
2.1078e-001 3.1692e-022
2.1156e-001 3.5414e-022
2.1233e-001 3.9549e-022
2.1311e-001 4.4142e-022
2.1389e-001 4.9239e-022
2.1467e-001 5.4892e-022
2.1544e-001 6.1160e-022
2.1622e-001 6.8105e-022
2.1700e-001 7.5795e-022
2.1778e-001 8.4307e-022
2.1856e-001 9.3724e-022
2.1933e-001 1.0413e-021
2.2011e-001 1.1564e-021
2.2089e-001 1.2835e-021
2.2167e-001 1.4237e-021
2.2244e-001 1.5785e-021
2.2322e-001 1.7492e-021
2.2400e-001 1.9373e-021
2.2478e-001 2.1445e-021
2.2556e-001 2.3727e-021
2.2633e-001 2.6239e-021
2.2711e-001 2.9002e-021
2.2789e-001 3.2040e-021
2.2867e-001 3.5378e-021
2.2944e-001 3.9046e-021
2.3022e-001 4.3072e-021
2.3100e-001 4.7491e-021
2.3178e-001 5.2338e-021
2.3256e-001 5.7653e-021
2.3333e-001 6.3478e-021
2.3411e-001 6.9858e-021
2.3489e-001 7.6845e-021
2.3567e-001 8.4492e-021
2.3644e-001 9.2857e-021
2.3722e-001 1.0200e-020
2.3800e-001 1.1200e-020
2.3878e-001 1.2293e-020
2.3956e-001 1.3486e-020
2.4033e-001 1.4788e-020
2.4111e-001 1.6209e-020
2.4189e-001 1.7759e-020
2.4267e-001 1.9449e-020
2.4344e-001 2.1291e-020
2.4422e-001 2.3298e-020
2.4500e-001 2.5483e-020
2.4578e-001 2.7861e-020
2.4656e-001 3.0449e-020
2.4733e-001 3.3264e-020
2.4811e-001 3.6325e-020
2.4889e-001 3.9651e-020
2.4967e-001 4.3265e-020
2.5044e-001 4.7189e-020
2.5122e-001 5.1449e-020
2.5200e-001 5.6073e-020
2.5278e-001 6.1088e-020
2.5356e-001 6.6526e-020
2.5433e-001 7.2422e-020
2.5511e-001 7.8809e-020
2.5589e-001 8.5729e-020
2.5667e-001 9.3221e-020
2.5744e-001 1.0133e-019
2.5822e-001 1.1011e-019
2.5900e-001 1.1960e-019
2.5978e-001 1.2986e-019
2.6056e-001 1.4096e-019
2.6133e-001 1.5295e-019
2.6211e-001 1.6589e-019
2.6289e-001 1.7988e-019
2.6367e-001 1.9497e-019
2.6444e-001 2.1126e-019
2.6522e-001 2.2883e-019
2.6600e-001 2.4778e-019
2.6678e-001 2.6821e-019
2.6756e-001 2.9022e-019
2.6833e-001 3.1394e-019
2.6911e-001 3.3949e-019
2.6989e-001 3.6699e-019
2.7067e-001 3.9659e-019
2.7144e-001 4.2845e-019
2.7222e-001 4.6271e-019
2.7300e-001 4.9956e-019
2.7378e-001 5.3917e-019
2.7456e-001 5.8174e-019
2.7533e-001 6.2748e-019
2.7611e-001 6.7660e-019
2.7689e-001 7.2934e-019
2.7767e-001 7.8596e-019
2.7844e-001 8.4672e-019
2.7922e-001 9.1190e-019
2.8000e-001 9.8181e-019
2.8078e-001 1.0568e-018
2.8156e-001 1.1371e-018
2.8233e-001 1.2232e-018
2.8311e-001 1.3154e-018
2.8389e-001 1.4142e-018
2.8467e-001 1.5200e-018
2.8544e-001 1.6332e-018
2.8622e-001 1.7544e-018
2.8700e-001 1.8840e-018
2.8778e-001 2.0226e-018
2.8856e-001 2.1708e-018
2.8933e-001 2.3293e-018
2.9011e-001 2.4986e-018
2.9089e-001 2.6795e-018
2.9167e-001 2.8728e-018
2.9244e-001 3.0792e-018
2.9322e-001 3.2995e-018
2.9400e-001 3.5346e-018
2.9478e-001 3.7856e-018
2.9556e-001 4.0532e-018
2.9633e-001 4.3387e-018
2.9711e-001 4.6431e-018
2.9789e-001 4.9677e-018
2.9867e-001 5.3135e-018
2.9944e-001 5.6820e-018
3.0022e-001 6.0745e-018
3.0100e-001 6.4926e-018
3.0178e-001 6.9376e-018
3.0256e-001 7.4114e-018
3.0333e-001 7.9157e-018
3.0411e-001 8.4521e-018
3.0489e-001 9.0228e-018
3.0567e-001 9.6297e-018
3.0644e-001 1.0275e-017
3.0722e-001 1.0961e-017
3.0800e-001 1.1690e-017
3.0878e-001 1.2465e-017
3.0956e-001 1.3287e-017
3.1033e-001 1.4161e-017
3.1111e-001 1.5089e-017
3.1189e-001 1.6075e-017
3.1267e-001 1.7120e-017
3.1344e-001 1.8230e-017
3.1422e-001 1.9407e-017
3.1500e-001 2.0655e-017
3.1578e-001 2.1979e-017
3.1656e-001 2.3383e-017
3.1733e-001 2.4871e-017
3.1811e-001 2.6448e-017
3.1889e-001 2.8119e-017
3.1967e-001 2.9889e-017
3.2044e-001 3.1764e-017
3.2122e-001 3.3750e-017
3.2200e-001 3.5852e-017
3.2278e-001 3.8077e-017
3.2356e-001 4.0432e-017
3.2433e-001 4.2923e-017
3.2511e-001 4.5559e-017
3.2589e-001 4.8347e-017
3.2667e-001 5.1295e-017
3.2744e-001 5.4412e-017
3.2822e-001 5.7707e-017
3.2900e-001 6.1189e-017
3.2978e-001 6.4869e-017
3.3056e-001 6.8756e-017
3.3133e-001 7.2863e-017
3.3211e-001 7.7199e-017
3.3289e-001 8.1778e-017
3.3367e-001 8.6612e-017
3.3444e-001 9.1714e-017
3.3522e-001 9.7099e-017
3.3600e-001 1.0278e-016
3.3678e-001 1.0877e-016
3.3756e-001 1.1509e-016
3.3833e-001 1.2176e-016
3.3911e-001 1.2879e-016
3.3989e-001 1.3620e-016
3.4067e-001 1.4401e-016
3.4144e-001 1.5224e-016
3.4222e-001 1.6091e-016
3.4300e-001 1.7005e-016
3.4378e-001 1.7967e-016
3.4456e-001 1.8980e-016
3.4533e-001 2.0047e-016
3.4611e-001 2.1171e-016
3.4689e-001 2.2353e-016
3.4767e-001 2.3597e-016
3.4844e-001 2.4907e-016
3.4922e-001 2.6284e-016
3.5000e-001 2.7733e-016
3.5078e-001 2.9257e-016
3.5156e-001 3.0859e-016
3.5233e-001 3.2544e-016
3.5311e-001 3.4315e-016
3.5389e-001 3.6177e-016
3.5467e-001 3.8133e-016
3.5544e-001 4.0189e-016
3.5622e-001 4.2348e-016
3.5700e-001 4.4617e-016
3.5778e-001 4.6999e-016
3.5856e-001 4.9501e-016
3.5933e-001 5.2127e-016
3.6011e-001 5.4885e-016
3.6089e-001 5.7779e-016
3.6167e-001 6.0816e-016
3.6244e-001 6.4003e-016
3.6322e-001 6.7347e-016
3.6400e-001 7.0854e-016
3.6478e-001 7.4533e-016
3.6556e-001 7.8391e-016
3.6633e-001 8.2436e-016
3.6711e-001 8.6677e-016
3.6789e-001 9.1122e-016
3.6867e-001 9.5781e-016
3.6944e-001 1.0066e-015
3.7022e-001 1.0578e-015
3.7100e-001 1.1114e-015
3.7178e-001 1.1675e-015
3.7256e-001 1.2263e-015
3.7333e-001 1.2879e-015
3.7411e-001 1.3524e-015
3.7489e-001 1.4199e-015
3.7567e-001 1.4906e-015
3.7644e-001 1.5645e-015
3.7722e-001 1.6419e-015
3.7800e-001 1.7229e-015
3.7878e-001 1.8077e-015
3.7956e-001 1.8963e-015
3.8033e-001 1.9890e-015
3.8111e-001 2.0860e-015
3.8189e-001 2.1874e-015
3.8267e-001 2.2934e-015
3.8344e-001 2.4042e-015
3.8422e-001 2.5201e-015
3.8500e-001 2.6411e-015
3.8578e-001 2.7677e-015
3.8656e-001 2.8999e-015
3.8733e-001 3.0380e-015
3.8811e-001 3.1823e-015
3.8889e-001 3.3330e-015
3.8967e-001 3.4904e-015
3.9044e-001 3.6548e-015
3.9122e-001 3.8264e-015
3.9200e-001 4.0056e-015
3.9278e-001 4.1927e-015
3.9356e-001 4.3879e-015
3.9433e-001 4.5916e-015
3.9511e-001 4.8042e-015
3.9589e-001 5.0261e-015
3.9667e-001 5.2575e-015
3.9744e-001 5.4989e-015
3.9822e-001 5.7507e-015
3.9900e-001 6.0133e-015
3.9978e-001 6.2871e-015
4.0056e-001 6.5726e-015
4.0133e-001 6.8703e-015
4.0211e-001 7.1806e-015
4.0289e-001 7.5040e-015
4.0367e-001 7.8410e-015
4.0444e-001 8.1923e-015
4.0522e-001 8.5582e-015
4.0600e-001 8.9395e-015
4.0678e-001 9.3367e-015
4.0756e-001 9.7505e-015
4.0833e-001 1.0181e-014
4.0911e-001 1.0630e-014
4.0989e-001 1.1097e-014
4.1067e-001 1.1584e-014
4.1144e-001 1.2090e-014
4.1222e-001 1.2618e-014
4.1300e-001 1.3166e-014
4.1378e-001 1.3737e-014
4.1456e-001 1.4332e-014
4.1533e-001 1.4950e-014
4.1611e-001 1.5593e-014
4.1689e-001 1.6263e-014
4.1767e-001 1.6959e-014
4.1844e-001 1.7683e-014
4.1922e-001 1.8436e-014
4.2000e-001 1.9219e-014
4.2078e-001 2.0034e-014
4.2156e-001 2.0880e-014
4.2233e-001 2.1760e-014
4.2311e-001 2.2675e-014
4.2389e-001 2.3626e-014
4.2467e-001 2.4614e-014
4.2544e-001 2.5641e-014
4.2622e-001 2.6708e-014
4.2700e-001 2.7816e-014
4.2778e-001 2.8968e-014
4.2856e-001 3.0164e-014
4.2933e-001 3.1406e-014
4.3011e-001 3.2697e-014
4.3089e-001 3.4037e-014
4.3167e-001 3.5428e-014
4.3244e-001 3.6873e-014
4.3322e-001 3.8373e-014
4.3400e-001 3.9930e-014
4.3478e-001 4.1546e-014
4.3556e-001 4.3224e-014
4.3633e-001 4.4965e-014
4.3711e-001 4.6771e-014
4.3789e-001 4.8646e-014
4.3867e-001 5.0590e-014
4.3944e-001 5.2608e-014
4.4022e-001 5.4701e-014
4.4100e-001 5.6872e-014
4.4178e-001 5.9123e-014
4.4256e-001 6.1458e-014
4.4333e-001 6.3880e-014
4.4411e-001 6.6390e-014
4.4489e-001 6.8993e-014
4.4567e-001 7.1692e-014
4.4644e-001 7.4489e-014
4.4722e-001 7.7389e-014
4.4800e-001 8.0394e-014
4.4878e-001 8.3509e-014
4.4956e-001 8.6736e-014
4.5033e-001 9.0081e-014
4.5111e-001 9.3546e-014
4.5189e-001 9.7135e-014
4.5267e-001 1.0085e-013
4.5344e-001 1.0471e-013
4.5422e-001 1.0870e-013
4.5500e-001 1.1283e-013
4.5578e-001 1.1711e-013
4.5656e-001 1.2154e-013
4.5733e-001 1.2613e-013
4.5811e-001 1.3088e-013
4.5889e-001 1.3579e-013
4.5967e-001 1.4089e-013
4.6044e-001 1.4615e-013
4.6122e-001 1.5161e-013
4.6200e-001 1.5725e-013
4.6278e-001 1.6309e-013
4.6356e-001 1.6914e-013
4.6433e-001 1.7539e-013
4.6511e-001 1.8186e-013
4.6589e-001 1.8856e-013
4.6667e-001 1.9548e-013
4.6744e-001 2.0265e-013
4.6822e-001 2.1005e-013
4.6900e-001 2.1772e-013
4.6978e-001 2.2564e-013
4.7056e-001 2.3384e-013
4.7133e-001 2.4231e-013
4.7211e-001 2.5107e-013
4.7289e-001 2.6013e-013
4.7367e-001 2.6949e-013
4.7444e-001 2.7917e-013
4.7522e-001 2.8917e-013
4.7600e-001 2.9951e-013
4.7678e-001 3.1019e-013
4.7756e-001 3.2124e-013
4.7833e-001 3.3265e-013
4.7911e-001 3.4444e-013
4.7989e-001 3.5662e-013
4.8067e-001 3.6920e-013
4.8144e-001 3.8220e-013
4.8222e-001 3.9563e-013
4.8300e-001 4.0950e-013
4.8378e-001 4.2383e-013
4.8456e-001 4.3863e-013
4.8533e-001 4.5391e-013
4.8611e-001 4.6968e-013
4.8689e-001 4.8598e-013
4.8767e-001 5.0280e-013
4.8844e-001 5.2016e-013
4.8922e-001 5.3809e-013
4.9000e-001 5.5660e-013
4.9078e-001 5.7570e-013
4.9156e-001 5.9542e-013
4.9233e-001 6.1577e-013
4.9311e-001 6.3677e-013
4.9389e-001 6.5844e-013
4.9467e-001 6.8080e-013
4.9544e-001 7.0387e-013
4.9622e-001 7.2768e-013
4.9700e-001 7.5224e-013
4.9778e-001 7.7758e-013
4.9856e-001 8.0371e-013
4.9933e-001 8.3067e-013
5.0011e-001 8.5848e-013
5.0089e-001 8.8716e-013
5.0167e-001 9.1673e-013
5.0244e-001 9.4723e-013
5.0322e-001 9.7868e-013
5.0400e-001 1.0111e-012
5.0478e-001 1.0445e-012
5.0556e-001 1.0790e-012
5.0633e-001 1.1146e-012
5.0711e-001 1.1512e-012
5.0789e-001 1.1890e-012
5.0867e-001 1.2279e-012
5.0944e-001 1.2680e-012
5.1022e-001 1.3093e-012
5.1100e-001 1.3519e-012
5.1178e-001 1.3959e-012
5.1256e-001 1.4411e-012
5.1333e-001 1.4877e-012
5.1411e-001 1.5357e-012
5.1489e-001 1.5852e-012
5.1567e-001 1.6362e-012
5.1644e-001 1.6887e-012
5.1722e-001 1.7428e-012
5.1800e-001 1.7985e-012
5.1878e-001 1.8559e-012
5.1956e-001 1.9150e-012
5.2033e-001 1.9759e-012
5.2111e-001 2.0386e-012
5.2189e-001 2.1031e-012
5.2267e-001 2.1696e-012
5.2344e-001 2.2380e-012
5.2422e-001 2.3085e-012
5.2500e-001 2.3810e-012
5.2578e-001 2.4557e-012
5.2656e-001 2.5326e-012
5.2733e-001 2.6117e-012
5.2811e-001 2.6932e-012
5.2889e-001 2.7770e-012
5.2967e-001 2.8633e-012
5.3044e-001 2.9520e-012
5.3122e-001 3.0434e-012
5.3200e-001 3.1374e-012
5.3278e-001 3.2342e-012
5.3356e-001 3.3337e-012
5.3433e-001 3.4361e-012
5.3511e-001 3.5415e-012
5.3589e-001 3.6499e-012
5.3667e-001 3.7614e-012
5.3744e-001 3.8761e-012
5.3822e-001 3.9941e-012
5.3900e-001 4.1155e-012
5.3978e-001 4.2403e-012
5.4056e-001 4.3687e-012
5.4133e-001 4.5007e-012
5.4211e-001 4.6365e-012
5.4289e-001 4.7761e-012
5.4367e-001 4.9196e-012
5.4444e-001 5.0672e-012
5.4522e-001 5.2190e-012
5.4600e-001 5.3750e-012
5.4678e-001 5.5354e-012
5.4756e-001 5.7003e-012
5.4833e-001 5.8698e-012
5.4911e-001 6.0440e-012
5.4989e-001 6.2231e-012
5.5067e-001 6.4072e-012
5.5144e-001 6.5963e-012
5.5222e-001 6.7908e-012
5.5300e-001 6.9906e-012
5.5378e-001 7.1959e-012
5.5456e-001 7.4069e-012
5.5533e-001 7.6237e-012
5.5611e-001 7.8465e-012
5.5689e-001 8.0753e-012
5.5767e-001 8.3105e-012
5.5844e-001 8.5521e-012
5.5922e-001 8.8002e-012
5.6000e-001 9.0552e-012
5.6078e-001 9.3171e-012
5.6156e-001 9.5860e-012
5.6233e-001 9.8623e-012
5.6311e-001 1.0146e-011
5.6389e-001 1.0438e-011
5.6467e-001 1.0737e-011
5.6544e-001 1.1044e-011
5.6622e-001 1.1360e-011
5.6700e-001 1.1684e-011
5.6778e-001 1.2017e-011
5.6856e-001 1.2359e-011
5.6933e-001 1.2709e-011
5.7011e-001 1.3070e-011
5.7089e-001 1.3439e-011
5.7167e-001 1.3819e-011
5.7244e-001 1.4209e-011
5.7322e-001 1.4609e-011
5.7400e-001 1.5020e-011
5.7478e-001 1.5441e-011
5.7556e-001 1.5874e-011
5.7633e-001 1.6318e-011
5.7711e-001 1.6774e-011
5.7789e-001 1.7241e-011
5.7867e-001 1.7721e-011
5.7944e-001 1.8214e-011
5.8022e-001 1.8719e-011
5.8100e-001 1.9238e-011
5.8178e-001 1.9770e-011
5.8256e-001 2.0316e-011
5.8333e-001 2.0877e-011
5.8411e-001 2.1451e-011
5.8489e-001 2.2041e-011
5.8567e-001 2.2646e-011
5.8644e-001 2.3266e-011
5.8722e-001 2.3903e-011
5.8800e-001 2.4556e-011
5.8878e-001 2.5226e-011
5.8956e-001 2.5913e-011
5.9033e-001 2.6617e-011
5.9111e-001 2.7340e-011
5.9189e-001 2.8081e-011
5.9267e-001 2.8841e-011
5.9344e-001 2.9620e-011
5.9422e-001 3.0419e-011
5.9500e-001 3.1239e-011
5.9578e-001 3.2079e-011
5.9656e-001 3.2941e-011
5.9733e-001 3.3824e-011
5.9811e-001 3.4730e-011
5.9889e-001 3.5659e-011
5.9967e-001 3.6611e-011
6.0044e-001 3.7587e-011
6.0122e-001 3.8588e-011
6.0200e-001 3.9613e-011
6.0278e-001 4.0665e-011
6.0356e-001 4.1742e-011
6.0433e-001 4.2847e-011
6.0511e-001 4.3979e-011
6.0589e-001 4.5140e-011
6.0667e-001 4.6329e-011
6.0744e-001 4.7548e-011
6.0822e-001 4.8797e-011
6.0900e-001 5.0077e-011
6.0978e-001 5.1389e-011
6.1056e-001 5.2733e-011
6.1133e-001 5.4111e-011
6.1211e-001 5.5522e-011
6.1289e-001 5.6968e-011
6.1367e-001 5.8450e-011
6.1444e-001 5.9968e-011
6.1522e-001 6.1523e-011
6.1600e-001 6.3117e-011
6.1678e-001 6.4749e-011
6.1756e-001 6.6422e-011
6.1833e-001 6.8135e-011
6.1911e-001 6.9890e-011
6.1989e-001 7.1687e-011
6.2067e-001 7.3528e-011
6.2144e-001 7.5414e-011
6.2222e-001 7.7346e-011
6.2300e-001 7.9325e-011
6.2378e-001 8.1351e-011
6.2456e-001 8.3426e-011
6.2533e-001 8.5551e-011
6.2611e-001 8.7728e-011
6.2689e-001 8.9957e-011
6.2767e-001 9.2239e-011
6.2844e-001 9.4576e-011
6.2922e-001 9.6970e-011
6.3000e-001 9.9420e-011
6.3078e-001 1.0193e-010
6.3156e-001 1.0450e-010
6.3233e-001 1.0713e-010
6.3311e-001 1.0982e-010
6.3389e-001 1.1258e-010
6.3467e-001 1.1540e-010
6.3544e-001 1.1829e-010
6.3622e-001 1.2125e-010
6.3700e-001 1.2428e-010
6.3778e-001 1.2738e-010
6.3856e-001 1.3055e-010
6.3933e-001 1.3380e-010
6.4011e-001 1.3712e-010
6.4089e-001 1.4053e-010
6.4167e-001 1.4401e-010
6.4244e-001 1.4758e-010
6.4322e-001 1.5122e-010
6.4400e-001 1.5496e-010
6.4478e-001 1.5878e-010
6.4556e-001 1.6269e-010
6.4633e-001 1.6669e-010
6.4711e-001 1.7079e-010
6.4789e-001 1.7498e-010
6.4867e-001 1.7927e-010
6.4944e-001 1.8366e-010
6.5022e-001 1.8815e-010
6.5100e-001 1.9274e-010
6.5178e-001 1.9745e-010
6.5256e-001 2.0226e-010
6.5333e-001 2.0718e-010
6.5411e-001 2.1221e-010
6.5489e-001 2.1736e-010
6.5567e-001 2.2263e-010
6.5644e-001 2.2803e-010
6.5722e-001 2.3354e-010
6.5800e-001 2.3919e-010
6.5878e-001 2.4496e-010
6.5956e-001 2.5086e-010
6.6033e-001 2.5690e-010
6.6111e-001 2.6308e-010
6.6189e-001 2.6940e-010
6.6267e-001 2.7587e-010
6.6344e-001 2.8248e-010
6.6422e-001 2.8924e-010
6.6500e-001 2.9616e-010
6.6578e-001 3.0323e-010
6.6656e-001 3.1047e-010
6.6733e-001 3.1787e-010
6.6811e-001 3.2544e-010
6.6889e-001 3.3318e-010
6.6967e-001 3.4109e-010
6.7044e-001 3.4918e-010
6.7122e-001 3.5746e-010
6.7200e-001 3.6592e-010
6.7278e-001 3.7458e-010
6.7356e-001 3.8343e-010
6.7433e-001 3.9248e-010
6.7511e-001 4.0173e-010
6.7589e-001 4.1119e-010
6.7667e-001 4.2087e-010
6.7744e-001 4.3076e-010
6.7822e-001 4.4087e-010
6.7900e-001 4.5121e-010
6.7978e-001 4.6178e-010
6.8056e-001 4.7259e-010
6.8133e-001 4.8364e-010
6.8211e-001 4.9493e-010
6.8289e-001 5.0648e-010
6.8367e-001 5.1828e-010
6.8444e-001 5.3035e-010
6.8522e-001 5.4269e-010
6.8600e-001 5.5530e-010
6.8678e-001 5.6819e-010
6.8756e-001 5.8137e-010
6.8833e-001 5.9484e-010
6.8911e-001 6.0861e-010
6.8989e-001 6.2268e-010
6.9067e-001 6.3706e-010
6.9144e-001 6.5177e-010
6.9222e-001 6.6679e-010
6.9300e-001 6.8215e-010
6.9378e-001 6.9785e-010
6.9456e-001 7.1390e-010
6.9533e-001 7.3029e-010
6.9611e-001 7.4705e-010
6.9689e-001 7.6418e-010
6.9767e-001 7.8168e-010
6.9844e-001 7.9957e-010
6.9922e-001 8.1785e-010
7.0000e-001 8.3654e-010
7.0078e-001 8.5563e-010
7.0156e-001 8.7514e-010
7.0233e-001 8.9507e-010
7.0311e-001 9.1545e-010
7.0389e-001 9.3626e-010
7.0467e-001 9.5754e-010
7.0544e-001 9.7927e-010
7.0622e-001 1.0015e-009
7.0700e-001 1.0242e-009
7.0778e-001 1.0474e-009
7.0856e-001 1.0711e-009
7.0933e-001 1.0953e-009
7.1011e-001 1.1200e-009
7.1089e-001 1.1453e-009
7.1167e-001 1.1711e-009
7.1244e-001 1.1975e-009
7.1322e-001 1.2244e-009
7.1400e-001 1.2520e-009
7.1478e-001 1.2801e-009
7.1556e-001 1.3089e-009
7.1633e-001 1.3382e-009
7.1711e-001 1.3682e-009
7.1789e-001 1.3989e-009
7.1867e-001 1.4302e-009
7.1944e-001 1.4622e-009
7.2022e-001 1.4949e-009
7.2100e-001 1.5282e-009
7.2178e-001 1.5623e-009
7.2256e-001 1.5972e-009
7.2333e-001 1.6328e-009
7.2411e-001 1.6691e-009
7.2489e-001 1.7063e-009
7.2567e-001 1.7442e-009
7.2644e-001 1.7829e-009
7.2722e-001 1.8225e-009
7.2800e-001 1.8630e-009
7.2878e-001 1.9043e-009
7.2956e-001 1.9464e-009
7.3033e-001 1.9895e-009
7.3111e-001 2.0335e-009
7.3189e-001 2.0785e-009
7.3267e-001 2.1244e-009
7.3344e-001 2.1713e-009
7.3422e-001 2.2192e-009
7.3500e-001 2.2682e-009
7.3578e-001 2.3181e-009
7.3656e-001 2.3692e-009
7.3733e-001 2.4213e-009
7.3811e-001 2.4746e-009
7.3889e-001 2.5289e-009
7.3967e-001 2.5845e-009
7.4044e-001 2.6412e-009
7.4122e-001 2.6991e-009
7.4200e-001 2.7583e-009
7.4278e-001 2.8187e-009
7.4356e-001 2.8805e-009
7.4433e-001 2.9435e-009
7.4511e-001 3.0079e-009
7.4589e-001 3.0736e-009
7.4667e-001 3.1408e-009
7.4744e-001 3.2093e-009
7.4822e-001 3.2794e-009
7.4900e-001 3.3509e-009
7.4978e-001 3.4239e-009
7.5056e-001 3.4985e-009
7.5133e-001 3.5747e-009
7.5211e-001 3.6525e-009
7.5289e-001 3.7319e-009
7.5367e-001 3.8131e-009
7.5444e-001 3.8959e-009
7.5522e-001 3.9805e-009
7.5600e-001 4.0669e-009
7.5678e-001 4.1552e-009
7.5756e-001 4.2453e-009
7.5833e-001 4.3373e-009
7.5911e-001 4.4313e-009
7.5989e-001 4.5273e-009
7.6067e-001 4.6253e-009
7.6144e-001 4.7253e-009
7.6222e-001 4.8275e-009
7.6300e-001 4.9319e-009
7.6378e-001 5.0385e-009
7.6456e-001 5.1473e-009
7.6533e-001 5.2584e-009
7.6611e-001 5.3719e-009
7.6689e-001 5.4878e-009
7.6767e-001 5.6062e-009
7.6844e-001 5.7270e-009
7.6922e-001 5.8504e-009
7.7000e-001 5.9765e-009
7.7078e-001 6.1052e-009
7.7156e-001 6.2366e-009
7.7233e-001 6.3708e-009
7.7311e-001 6.5078e-009
7.7389e-001 6.6478e-009
7.7467e-001 6.7907e-009
7.7544e-001 6.9366e-009
7.7622e-001 7.0856e-009
7.7700e-001 7.2378e-009
7.7778e-001 7.3932e-009
7.7856e-001 7.5519e-009
7.7933e-001 7.7140e-009
7.8011e-001 7.8795e-009
7.8089e-001 8.0485e-009
7.8167e-001 8.2211e-009
7.8244e-001 8.3973e-009
7.8322e-001 8.5773e-009
7.8400e-001 8.7611e-009
7.8478e-001 8.9488e-009
7.8556e-001 9.1404e-009
7.8633e-001 9.3362e-009
7.8711e-001 9.5361e-009
7.8789e-001 9.7402e-009
7.8867e-001 9.9487e-009
7.8944e-001 1.0162e-008
7.9022e-001 1.0379e-008
7.9100e-001 1.0601e-008
7.9178e-001 1.0828e-008
7.9256e-001 1.1059e-008
7.9333e-001 1.1296e-008
7.9411e-001 1.1537e-008
7.9489e-001 1.1784e-008
7.9567e-001 1.2036e-008
7.9644e-001 1.2293e-008
7.9722e-001 1.2556e-008
7.9800e-001 1.2824e-008
7.9878e-001 1.3098e-008
7.9956e-001 1.3378e-008
8.0033e-001 1.3664e-008
8.0111e-001 1.3956e-008
8.0189e-001 1.4254e-008
8.0267e-001 1.4559e-008
8.0344e-001 1.4870e-008
8.0422e-001 1.5187e-008
8.0500e-001 1.5512e-008
8.0578e-001 1.5843e-008
8.0656e-001 1.6182e-008
8.0733e-001 1.6528e-008
8.0811e-001 1.6881e-008
8.0889e-001 1.7241e-008
8.0967e-001 1.7610e-008
8.1044e-001 1.7986e-008
8.1122e-001 1.8371e-008
8.1200e-001 1.8763e-008
8.1278e-001 1.9165e-008
8.1356e-001 1.9574e-008
8.1433e-001 1.9993e-008
8.1511e-001 2.0420e-008
8.1589e-001 2.0857e-008
8.1667e-001 2.1304e-008
8.1744e-001 2.1759e-008
8.1822e-001 2.2225e-008
8.1900e-001 2.2701e-008
8.1978e-001 2.3187e-008
8.2056e-001 2.3683e-008
8.2133e-001 2.4191e-008
8.2211e-001 2.4709e-008
8.2289e-001 2.5238e-008
8.2367e-001 2.5779e-008
8.2444e-001 2.6332e-008
8.2522e-001 2.6897e-008
8.2600e-001 2.7474e-008
8.2678e-001 2.8063e-008
8.2756e-001 2.8666e-008
8.2833e-001 2.9281e-008
8.2911e-001 2.9910e-008
8.2989e-001 3.0553e-008
8.3067e-001 3.1210e-008
8.3144e-001 3.1881e-008
8.3222e-001 3.2567e-008
8.3300e-001 3.3268e-008
8.3378e-001 3.3984e-008
8.3456e-001 3.4716e-008
8.3533e-001 3.5464e-008
8.3611e-001 3.6229e-008
8.3689e-001 3.7010e-008
8.3767e-001 3.7809e-008
8.3844e-001 3.8625e-008
8.3922e-001 3.9459e-008
8.4000e-001 4.0312e-008
8.4078e-001 4.1184e-008
8.4156e-001 4.2075e-008
8.4233e-001 4.2986e-008
8.4311e-001 4.3917e-008
8.4389e-001 4.4868e-008
8.4467e-001 4.5841e-008
8.4544e-001 4.6836e-008
8.4622e-001 4.7853e-008
8.4700e-001 4.8892e-008
8.4778e-001 4.9955e-008
8.4856e-001 5.1042e-008
8.4933e-001 5.2153e-008
8.5011e-001 5.3289e-008
8.5089e-001 5.4451e-008
8.5167e-001 5.5639e-008
8.5244e-001 5.6853e-008
8.5322e-001 5.8095e-008
8.5400e-001 5.9366e-008
8.5478e-001 6.0665e-008
8.5556e-001 6.1993e-008
8.5633e-001 6.3352e-008
8.5711e-001 6.4742e-008
8.5789e-001 6.6163e-008
8.5867e-001 6.7617e-008
8.5944e-001 6.9104e-008
8.6022e-001 7.0625e-008
8.6100e-001 7.2181e-008
8.6178e-001 7.3773e-008
8.6256e-001 7.5402e-008
8.6333e-001 7.7068e-008
8.6411e-001 7.8773e-008
8.6489e-001 8.0517e-008
8.6567e-001 8.2301e-008
8.6644e-001 8.4127e-008
8.6722e-001 8.5995e-008
8.6800e-001 8.7907e-008
8.6878e-001 8.9864e-008
8.6956e-001 9.1866e-008
8.7033e-001 9.3916e-008
8.7111e-001 9.6013e-008
8.7189e-001 9.8160e-008
8.7267e-001 1.0036e-007
8.7344e-001 1.0261e-007
8.7422e-001 1.0491e-007
8.7500e-001 1.0727e-007
8.7578e-001 1.0968e-007
8.7656e-001 1.1215e-007
8.7733e-001 1.1468e-007
8.7811e-001 1.1727e-007
8.7889e-001 1.1992e-007
8.7967e-001 1.2264e-007
8.8044e-001 1.2542e-007
8.8122e-001 1.2827e-007
8.8200e-001 1.3119e-007
8.8278e-001 1.3417e-007
8.8356e-001 1.3723e-007
8.8433e-001 1.4037e-007
8.8511e-001 1.4358e-007
8.8589e-001 1.4687e-007
8.8667e-001 1.5024e-007
8.8744e-001 1.5369e-007
8.8822e-001 1.5723e-007
8.8900e-001 1.6086e-007
8.8978e-001 1.6458e-007
8.9056e-001 1.6838e-007
8.9133e-001 1.7229e-007
8.9211e-001 1.7629e-007
8.9289e-001 1.8039e-007
8.9367e-001 1.8459e-007
8.9444e-001 1.8890e-007
8.9522e-001 1.9332e-007
8.9600e-001 1.9785e-007
8.9678e-001 2.0249e-007
8.9756e-001 2.0726e-007
8.9833e-001 2.1214e-007
8.9911e-001 2.1715e-007
8.9989e-001 2.2229e-007
9.0067e-001 2.2756e-007
9.0144e-001 2.3297e-007
9.0222e-001 2.3851e-007
9.0300e-001 2.4421e-007
9.0378e-001 2.5004e-007
9.0456e-001 2.5604e-007
9.0533e-001 2.6219e-007
9.0611e-001 2.6850e-007
9.0689e-001 2.7497e-007
9.0767e-001 2.8162e-007
9.0844e-001 2.8845e-007
9.0922e-001 2.9546e-007
9.1000e-001 3.0265e-007
9.1078e-001 3.1004e-007
9.1156e-001 3.1763e-007
9.1233e-001 3.2542e-007
9.1311e-001 3.3343e-007
9.1389e-001 3.4165e-007
9.1467e-001 3.5010e-007
9.1544e-001 3.5878e-007
9.1622e-001 3.6770e-007
9.1700e-001 3.7686e-007
9.1778e-001 3.8628e-007
9.1856e-001 3.9597e-007
9.1933e-001 4.0592e-007
9.2011e-001 4.1615e-007
9.2089e-001 4.2668e-007
9.2167e-001 4.3749e-007
9.2244e-001 4.4862e-007
9.2322e-001 4.6007e-007
9.2400e-001 4.7184e-007
9.2478e-001 4.8395e-007
9.2556e-001 4.9642e-007
9.2633e-001 5.0924e-007
9.2711e-001 5.2244e-007
9.2789e-001 5.3603e-007
9.2867e-001 5.5001e-007
9.2944e-001 5.6441e-007
9.3022e-001 5.7924e-007
9.3100e-001 5.9451e-007
9.3178e-001 6.1024e-007
9.3256e-001 6.2644e-007
9.3333e-001 6.4313e-007
9.3411e-001 6.6034e-007
9.3489e-001 6.7806e-007
9.3567e-001 6.9634e-007
9.3644e-001 7.1517e-007
9.3722e-001 7.3460e-007
9.3800e-001 7.5463e-007
9.3878e-001 7.7528e-007
9.3956e-001 7.9660e-007
9.4033e-001 8.1858e-007
9.4111e-001 8.4127e-007
9.4189e-001 8.6469e-007
9.4267e-001 8.8886e-007
9.4344e-001 9.1381e-007
9.4422e-001 9.3958e-007
9.4500e-001 9.6620e-007
9.4578e-001 9.9370e-007
9.4656e-001 1.0221e-006
9.4733e-001 1.0515e-006
9.4811e-001 1.0818e-006
9.4889e-001 1.1132e-006
9.4967e-001 1.1456e-006
9.5044e-001 1.1792e-006
9.5122e-001 1.2139e-006
9.5200e-001 1.2498e-006
9.5278e-001 1.2870e-006
9.5356e-001 1.3255e-006
9.5433e-001 1.3653e-006
9.5511e-001 1.4066e-006
9.5589e-001 1.4493e-006
9.5667e-001 1.4936e-006
9.5744e-001 1.5395e-006
9.5822e-001 1.5871e-006
9.5900e-001 1.6364e-006
9.5978e-001 1.6876e-006
9.6056e-001 1.7407e-006
9.6133e-001 1.7958e-006
9.6211e-001 1.8530e-006
9.6289e-001 1.9124e-006
9.6367e-001 1.9741e-006
9.6444e-001 2.0383e-006
9.6522e-001 2.1049e-006
9.6600e-001 2.1742e-006
9.6678e-001 2.2462e-006
9.6756e-001 2.3212e-006
9.6833e-001 2.3992e-006
9.6911e-001 2.4804e-006
9.6989e-001 2.5650e-006
9.7067e-001 2.6531e-006
9.7144e-001 2.7449e-006
9.7222e-001 2.8406e-006
9.7300e-001 2.9404e-006
9.7378e-001 3.0446e-006
9.7456e-001 3.1533e-006
9.7533e-001 3.2668e-006
9.7611e-001 3.3854e-006
9.7689e-001 3.5094e-006
9.7767e-001 3.6390e-006
9.7844e-001 3.7745e-006
9.7922e-001 3.9164e-006
9.8000e-001 4.0649e-006
9.8078e-001 4.2205e-006
9.8156e-001 4.3835e-006
9.8233e-001 4.5545e-006
9.8311e-001 4.7339e-006
9.8389e-001 4.9222e-006
9.8467e-001 5.1200e-006
9.8544e-001 5.3279e-006
9.8622e-001 5.5464e-006
9.8700e-001 5.7763e-006
9.8778e-001 6.0184e-006
9.8856e-001 6.2735e-006
9.8933e-001 6.5423e-006
9.9011e-001 6.8259e-006
9.9089e-001 7.1252e-006
9.9167e-001 7.4414e-006
9.9244e-001 7.7757e-006
9.9322e-001 8.1293e-006
9.9400e-001 8.5037e-006
9.9478e-001 8.9004e-006
9.9556e-001 9.3211e-006
9.9633e-001 9.7675e-006
9.9711e-001 1.0242e-005
9.9789e-001 1.0746e-005
9.9867e-001 1.1283e-005
9.9944e-001 1.1854e-005
1.0002e+000 1.2464e-005
1.0010e+000 1.3114e-005
1.0018e+000 1.3809e-005
1.0026e+000 1.4553e-005
1.0033e+000 1.5349e-005
1.0041e+000 1.6202e-005
1.0049e+000 1.7118e-005
1.0057e+000 1.8102e-005
1.0064e+000 1.9161e-005
1.0072e+000 2.0301e-005
1.0080e+000 2.1532e-005
1.0088e+000 2.2861e-005
1.0096e+000 2.4298e-005
1.0103e+000 2.5855e-005
1.0111e+000 2.7544e-005
1.0119e+000 2.9378e-005
1.0127e+000 3.1374e-005
1.0134e+000 3.3549e-005
1.0142e+000 3.5922e-005
1.0150e+000 3.8515e-005
1.0158e+000 4.1354e-005
1.0166e+000 4.4465e-005
1.0173e+000 4.7881e-005
1.0181e+000 5.1636e-005
1.0189e+000 5.5769e-005
1.0197e+000 6.0322e-005
1.0204e+000 6.5345e-005
1.0212e+000 7.0889e-005
1.0220e+000 7.7010e-005
1.0228e+000 8.3768e-005
1.0236e+000 9.1226e-005
1.0243e+000 9.9445e-005
1.0251e+000 1.0848e-004
1.0259e+000 1.1839e-004
1.0267e+000 1.2921e-004
1.0274e+000 1.4093e-004
1.0282e+000 1.5354e-004
1.0290e+000 1.6695e-004
1.0298e+000 1.8100e-004
1.0306e+000 1.9544e-004
1.0313e+000 2.0994e-004
1.0321e+000 2.2403e-004
1.0329e+000 2.3719e-004
1.0337e+000 2.4882e-004
1.0344e+000 2.5832e-004
1.0352e+000 2.6515e-004
1.0360e+000 2.6895e-004
1.0368e+000 2.6953e-004
1.0376e+000 2.6695e-004
1.0383e+000 2.6146e-004
1.0391e+000 2.5350e-004
1.0399e+000 2.4359e-004
1.0407e+000 2.3231e-004
1.0414e+000 2.2016e-004
1.0422e+000 2.0763e-004
1.0430e+000 1.9508e-004
1.0438e+000 1.8280e-004
1.0446e+000 1.7099e-004
1.0453e+000 1.5977e-004
1.0461e+000 1.4924e-004
1.0469e+000 1.3941e-004
1.0477e+000 1.3030e-004
1.0484e+000 1.2188e-004
1.0492e+000 1.1412e-004
1.0500e+000 1.0698e-004
1.0508e+000 1.0043e-004
1.0516e+000 9.4409e-005
1.0523e+000 8.8880e-005
1.0531e+000 8.3801e-005
1.0539e+000 7.9131e-005
1.0547e+000 7.4834e-005
1.0554e+000 7.0876e-005
1.0562e+000 6.7226e-005
1.0570e+000 6.3856e-005
1.0578e+000 6.0740e-005
1.0586e+000 5.7855e-005
1.0593e+000 5.5181e-005
1.0601e+000 5.2699e-005
1.0609e+000 5.0391e-005
1.0617e+000 4.8243e-005
1.0624e+000 4.6240e-005
1.0632e+000 4.4371e-005
1.0640e+000 4.2625e-005
1.0648e+000 4.0990e-005
1.0656e+000 3.9459e-005
1.0663e+000 3.8022e-005
1.0671e+000 3.6673e-005
1.0679e+000 3.5405e-005
1.0687e+000 3.4211e-005
1.0694e+000 3.3086e-005
1.0702e+000 3.2025e-005
1.0710e+000 3.1023e-005
1.0718e+000 3.0076e-005
1.0726e+000 2.9180e-005
1.0733e+000 2.8331e-005
1.0741e+000 2.7527e-005
1.0749e+000 2.6765e-005
1.0757e+000 2.6041e-005
1.0764e+000 2.5353e-005
1.0772e+000 2.4699e-005
1.0780e+000 2.4077e-005
1.0788e+000 2.3485e-005
1.0796e+000 2.2920e-005
1.0803e+000 2.2382e-005
1.0811e+000 2.1869e-005
1.0819e+000 2.1379e-005
1.0827e+000 2.0911e-005
1.0834e+000 2.0464e-005
1.0842e+000 2.0036e-005
1.0850e+000 1.9628e-005
1.0858e+000 1.9236e-005
1.0866e+000 1.8862e-005
1.0873e+000 1.8503e-005
1.0881e+000 1.8160e-005
1.0889e+000 1.7830e-005
1.0897e+000 1.7515e-005
1.0904e+000 1.7212e-005
1.0912e+000 1.6922e-005
1.0920e+000 1.6644e-005
1.0928e+000 1.6377e-005
1.0936e+000 1.6120e-005
1.0943e+000 1.5874e-005
1.0951e+000 1.5639e-005
1.0959e+000 1.5412e-005
1.0967e+000 1.5195e-005
1.0974e+000 1.4987e-005
1.0982e+000 1.4787e-005
1.0990e+000 1.4595e-005
1.0998e+000 1.4411e-005
1.1006e+000 1.4235e-005
1.1013e+000 1.4067e-005
1.1021e+000 1.3905e-005
1.1029e+000 1.3751e-005
1.1037e+000 1.3603e-005
1.1044e+000 1.3462e-005
1.1052e+000 1.3328e-005
1.1060e+000 1.3199e-005
1.1068e+000 1.3077e-005
1.1076e+000 1.2961e-005
1.1083e+000 1.2851e-005
1.1091e+000 1.2747e-005
1.1099e+000 1.2649e-005
1.1107e+000 1.2556e-005
1.1114e+000 1.2469e-005
1.1122e+000 1.2388e-005
1.1130e+000 1.2312e-005
1.1138e+000 1.2242e-005
1.1146e+000 1.2178e-005
1.1153e+000 1.2119e-005
1.1161e+000 1.2066e-005
1.1169e+000 1.2019e-005
1.1177e+000 1.1977e-005
1.1184e+000 1.1941e-005
1.1192e+000 1.1911e-005
1.1200e+000 1.1887e-005
1.1208e+000 1.1869e-005
1.1216e+000 1.1858e-005
1.1223e+000 1.1853e-005
1.1231e+000 1.1854e-005
1.1239e+000 1.1863e-005
1.1247e+000 1.1878e-005
1.1254e+000 1.1901e-005
1.1262e+000 1.1931e-005
1.1270e+000 1.1969e-005
1.1278e+000 1.2016e-005
1.1286e+000 1.2071e-005
1.1293e+000 1.2135e-005
1.1301e+000 1.2209e-005
1.1309e+000 1.2293e-005
1.1317e+000 1.2387e-005
1.1324e+000 1.2492e-005
1.1332e+000 1.2610e-005
1.1340e+000 1.2740e-005
1.1348e+000 1.2883e-005
1.1356e+000 1.3040e-005
1.1363e+000 1.3213e-005
1.1371e+000 1.3402e-005
1.1379e+000 1.3608e-005
1.1387e+000 1.3833e-005
1.1394e+000 1.4077e-005
1.1402e+000 1.4344e-005
1.1410e+000 1.4633e-005
1.1418e+000 1.4948e-005
1.1426e+000 1.5290e-005
1.1433e+000 1.5661e-005
1.1441e+000 1.6063e-005
1.1449e+000 1.6501e-005
1.1457e+000 1.6975e-005
1.1464e+000 1.7491e-005
1.1472e+000 1.8050e-005
1.1480e+000 1.8658e-005
1.1488e+000 1.9318e-005
1.1496e+000 2.0035e-005
1.1503e+000 2.0815e-005
1.1511e+000 2.1662e-005
1.1519e+000 2.2584e-005
1.1527e+000 2.3587e-005
1.1534e+000 2.4677e-005
1.1542e+000 2.5863e-005
1.1550e+000 2.7152e-005
1.1558e+000 2.8552e-005
1.1566e+000 3.0073e-005
1.1573e+000 3.1722e-005
1.1581e+000 3.3507e-005
1.1589e+000 3.5436e-005
1.1597e+000 3.7513e-005
1.1604e+000 3.9744e-005
1.1612e+000 4.2127e-005
1.1620e+000 4.4659e-005
1.1628e+000 4.7331e-005
1.1636e+000 5.0126e-005
1.1643e+000 5.3019e-005
1.1651e+000 5.5975e-005
1.1659e+000 5.8946e-005
1.1667e+000 6.1878e-005
1.1674e+000 6.4701e-005
1.1682e+000 6.7341e-005
1.1690e+000 6.9718e-005
1.1698e+000 7.1753e-005
1.1706e+000 7.3375e-005
1.1713e+000 7.4526e-005
1.1721e+000 7.5165e-005
1.1729e+000 7.5279e-005
1.1737e+000 7.4874e-005
1.1744e+000 7.3981e-005
1.1752e+000 7.2651e-005
1.1760e+000 7.0946e-005
1.1768e+000 6.8937e-005
1.1776e+000 6.6697e-005
1.1783e+000 6.4296e-005
1.1791e+000 6.1797e-005
1.1799e+000 5.9254e-005
1.1807e+000 5.6714e-005
1.1814e+000 5.4213e-005
1.1822e+000 5.1778e-005
1.1830e+000 4.9430e-005
1.1838e+000 4.7183e-005
1.1846e+000 4.5044e-005
1.1853e+000 4.3017e-005
1.1861e+000 4.1105e-005
1.1869e+000 3.9306e-005
1.1877e+000 3.7615e-005
1.1884e+000 3.6031e-005
1.1892e+000 3.4546e-005
1.1900e+000 3.3157e-005
1.1908e+000 3.1857e-005
1.1916e+000 3.0641e-005
1.1923e+000 2.9503e-005
1.1931e+000 2.8438e-005
1.1939e+000 2.7441e-005
1.1947e+000 2.6507e-005
1.1954e+000 2.5632e-005
1.1962e+000 2.4811e-005
1.1970e+000 2.4040e-005
1.1978e+000 2.3315e-005
1.1986e+000 2.2634e-005
1.1993e+000 2.1993e-005
1.2001e+000 2.1390e-005
1.2009e+000 2.0821e-005
1.2017e+000 2.0284e-005
1.2024e+000 1.9777e-005
1.2032e+000 1.9297e-005
1.2040e+000 1.8844e-005
1.2048e+000 1.8415e-005
1.2056e+000 1.8008e-005
1.2063e+000 1.7622e-005
1.2071e+000 1.7255e-005
1.2079e+000 1.6907e-005
1.2087e+000 1.6576e-005
1.2094e+000 1.6261e-005
1.2102e+000 1.5962e-005
1.2110e+000 1.5676e-005
1.2118e+000 1.5403e-005
1.2126e+000 1.5143e-005
1.2133e+000 1.4895e-005
1.2141e+000 1.4658e-005
1.2149e+000 1.4431e-005
1.2157e+000 1.4213e-005
1.2164e+000 1.4006e-005
1.2172e+000 1.3806e-005
1.2180e+000 1.3615e-005
1.2188e+000 1.3432e-005
1.2196e+000 1.3256e-005
1.2203e+000 1.3087e-005
1.2211e+000 1.2925e-005
1.2219e+000 1.2769e-005
1.2227e+000 1.2619e-005
1.2234e+000 1.2475e-005
1.2242e+000 1.2336e-005
1.2250e+000 1.2202e-005
1.2258e+000 1.2073e-005
1.2266e+000 1.1949e-005
1.2273e+000 1.1829e-005
1.2281e+000 1.1713e-005
1.2289e+000 1.1602e-005
1.2297e+000 1.1494e-005
1.2304e+000 1.1390e-005
1.2312e+000 1.1289e-005
1.2320e+000 1.1192e-005
1.2328e+000 1.1098e-005
1.2336e+000 1.1007e-005
1.2343e+000 1.0919e-005
1.2351e+000 1.0833e-005
1.2359e+000 1.0751e-005
1.2367e+000 1.0671e-005
1.2374e+000 1.0593e-005
1.2382e+000 1.0518e-005
1.2390e+000 1.0446e-005
1.2398e+000 1.0375e-005
1.2406e+000 1.0307e-005
1.2413e+000 1.0240e-005
1.2421e+000 1.0176e-005
1.2429e+000 1.0113e-005
1.2437e+000 1.0053e-005
1.2444e+000 9.9936e-006
1.2452e+000 9.9364e-006
1.2460e+000 9.8808e-006
1.2468e+000 9.8268e-006
1.2476e+000 9.7743e-006
1.2483e+000 9.7233e-006
1.2491e+000 9.6737e-006
1.2499e+000 9.6255e-006
1.2507e+000 9.5786e-006
1.2514e+000 9.5330e-006
1.2522e+000 9.4886e-006
1.2530e+000 9.4455e-006
1.2538e+000 9.4035e-006
1.2546e+000 9.3626e-006
1.2553e+000 9.3228e-006
1.2561e+000 9.2841e-006
1.2569e+000 9.2464e-006
1.2577e+000 9.2098e-006
1.2584e+000 9.1741e-006
1.2592e+000 9.1393e-006
1.2600e+000 9.1054e-006
1.2608e+000 9.0724e-006
1.2616e+000 9.0403e-006
1.2623e+000 9.0090e-006
1.2631e+000 8.9786e-006
1.2639e+000 8.9489e-006
1.2647e+000 8.9200e-006
1.2654e+000 8.8918e-006
1.2662e+000 8.8644e-006
1.2670e+000 8.8376e-006
1.2678e+000 8.8116e-006
1.2686e+000 8.7862e-006
1.2693e+000 8.7615e-006
1.2701e+000 8.7374e-006
1.2709e+000 8.7139e-006
1.2717e+000 8.6911e-006
1.2724e+000 8.6688e-006
1.2732e+000 8.6471e-006
1.2740e+000 8.6259e-006
1.2748e+000 8.6054e-006
1.2756e+000 8.5853e-006
1.2763e+000 8.5658e-006
1.2771e+000 8.5467e-006
1.2779e+000 8.5282e-006
1.2787e+000 8.5102e-006
1.2794e+000 8.4926e-006
1.2802e+000 8.4755e-006
1.2810e+000 8.4588e-006
1.2818e+000 8.4426e-006
1.2826e+000 8.4268e-006
1.2833e+000 8.4115e-006
1.2841e+000 8.3965e-006
1.2849e+000 8.3820e-006
1.2857e+000 8.3678e-006
1.2864e+000 8.3541e-006
1.2872e+000 8.3407e-006
1.2880e+000 8.3277e-006
1.2888e+000 8.3151e-006
1.2896e+000 8.3028e-006
1.2903e+000 8.2909e-006
1.2911e+000 8.2793e-006
1.2919e+000 8.2680e-006
1.2927e+000 8.2571e-006
1.2934e+000 8.2465e-006
1.2942e+000 8.2363e-006
1.2950e+000 8.2263e-006
1.2958e+000 8.2166e-006
1.2966e+000 8.2073e-006
1.2973e+000 8.1982e-006
1.2981e+000 8.1894e-006
1.2989e+000 8.1809e-006
1.2997e+000 8.1727e-006
1.3004e+000 8.1647e-006
1.3012e+000 8.1571e-006
1.3020e+000 8.1497e-006
1.3028e+000 8.1425e-006
1.3036e+000 8.1356e-006
1.3043e+000 8.1289e-006
1.3051e+000 8.1225e-006
1.3059e+000 8.1164e-006
1.3067e+000 8.1104e-006
1.3074e+000 8.1047e-006
1.3082e+000 8.0993e-006
1.3090e+000 8.0940e-006
1.3098e+000 8.0890e-006
1.3106e+000 8.0842e-006
1.3113e+000 8.0796e-006
1.3121e+000 8.0753e-006
1.3129e+000 8.0711e-006
1.3137e+000 8.0671e-006
1.3144e+000 8.0634e-006
1.3152e+000 8.0598e-006
1.3160e+000 8.0565e-006
1.3168e+000 8.0533e-006
1.3176e+000 8.0503e-006
1.3183e+000 8.0475e-006
1.3191e+000 8.0449e-006
1.3199e+000 8.0425e-006
1.3207e+000 8.0402e-006
1.3214e+000 8.0382e-006
1.3222e+000 8.0363e-006
1.3230e+000 8.0345e-006
1.3238e+000 8.0330e-006
1.3246e+000 8.0316e-006
1.3253e+000 8.0304e-006
1.3261e+000 8.0293e-006
1.3269e+000 8.0284e-006
1.3277e+000 8.0277e-006
1.3284e+000 8.0271e-006
1.3292e+000 8.0267e-006
1.3300e+000 8.0264e-006
1.3308e+000 8.0263e-006
1.3316e+000 8.0263e-006
1.3323e+000 8.0265e-006
1.3331e+000 8.0268e-006
1.3339e+000 8.0272e-006
1.3347e+000 8.0278e-006
1.3354e+000 8.0286e-006
1.3362e+000 8.0295e-006
1.3370e+000 8.0305e-006
1.3378e+000 8.0316e-006
1.3386e+000 8.0329e-006
1.3393e+000 8.0343e-006
1.3401e+000 8.0359e-006
1.3409e+000 8.0375e-006
1.3417e+000 8.0393e-006
1.3424e+000 8.0412e-006
1.3432e+000 8.0433e-006
1.3440e+000 8.0455e-006
1.3448e+000 8.0478e-006
1.3456e+000 8.0502e-006
1.3463e+000 8.0527e-006
1.3471e+000 8.0554e-006
1.3479e+000 8.0581e-006
1.3487e+000 8.0610e-006
1.3494e+000 8.0640e-006
1.3502e+000 8.0671e-006
1.3510e+000 8.0703e-006
1.3518e+000 8.0737e-006
1.3526e+000 8.0771e-006
1.3533e+000 8.0807e-006
1.3541e+000 8.0843e-006
1.3549e+000 8.0881e-006
1.3557e+000 8.0920e-006
1.3564e+000 8.0959e-006
1.3572e+000 8.1000e-006
1.3580e+000 8.1042e-006
1.3588e+000 8.1085e-006
1.3596e+000 8.1129e-006
1.3603e+000 8.1173e-006
1.3611e+000 8.1219e-006
1.3619e+000 8.1266e-006
1.3627e+000 8.1314e-006
1.3634e+000 8.1363e-006
1.3642e+000 8.1412e-006
1.3650e+000 8.1463e-006
1.3658e+000 8.1515e-006
1.3666e+000 8.1567e-006
1.3673e+000 8.1621e-006
1.3681e+000 8.1675e-006
1.3689e+000 8.1730e-006
1.3697e+000 8.1787e-006
1.3704e+000 8.1844e-006
1.3712e+000 8.1902e-006
1.3720e+000 8.1961e-006
1.3728e+000 8.2020e-006
1.3736e+000 8.2081e-006
1.3743e+000 8.2143e-006
1.3751e+000 8.2205e-006
1.3759e+000 8.2268e-006
1.3767e+000 8.2332e-006
1.3774e+000 8.2397e-006
1.3782e+000 8.2463e-006
1.3790e+000 8.2529e-006
1.3798e+000 8.2597e-006
1.3806e+000 8.2665e-006
1.3813e+000 8.2734e-006
1.3821e+000 8.2804e-006
1.3829e+000 8.2874e-006
1.3837e+000 8.2946e-006
1.3844e+000 8.3018e-006
1.3852e+000 8.3091e-006
1.3860e+000 8.3165e-006
1.3868e+000 8.3239e-006
1.3876e+000 8.3315e-006
1.3883e+000 8.3391e-006
1.3891e+000 8.3468e-006
1.3899e+000 8.3545e-006
1.3907e+000 8.3624e-006
1.3914e+000 8.3703e-006
1.3922e+000 8.3783e-006
1.3930e+000 8.3863e-006
1.3938e+000 8.3945e-006
1.3946e+000 8.4027e-006
1.3953e+000 8.4110e-006
1.3961e+000 8.4193e-006
1.3969e+000 8.4278e-006
1.3977e+000 8.4363e-006
1.3984e+000 8.4448e-006
1.3992e+000 8.4535e-006
1.4000e+000 8.4622e-006
1.4008e+000 8.4710e-006
1.4016e+000 8.4798e-006
1.4023e+000 8.4888e-006
1.4031e+000 8.4978e-006
1.4039e+000 8.5068e-006
1.4047e+000 8.5160e-006
1.4054e+000 8.5252e-006
1.4062e+000 8.5344e-006
1.4070e+000 8.5438e-006
1.4078e+000 8.5532e-006
1.4086e+000 8.5627e-006
1.4093e+000 8.5722e-006
1.4101e+000 8.5818e-006
1.4109e+000 8.5915e-006
1.4117e+000 8.6013e-006
1.4124e+000 8.6111e-006
1.4132e+000 8.6210e-006
1.4140e+000 8.6309e-006
1.4148e+000 8.6409e-006
1.4156e+000 8.6510e-006
1.4163e+000 8.6612e-006
1.4171e+000 8.6714e-006
1.4179e+000 8.6816e-006
1.4187e+000 8.6920e-006
1.4194e+000 8.7024e-006
1.4202e+000 8.7129e-006
1.4210e+000 8.7234e-006
1.4218e+000 8.7340e-006
1.4226e+000 8.7447e-006
1.4233e+000 8.7554e-006
1.4241e+000 8.7662e-006
1.4249e+000 8.7771e-006
1.4257e+000 8.7880e-006
1.4264e+000 8.7990e-006
1.4272e+000 8.8100e-006
1.4280e+000 8.8211e-006
1.4288e+000 8.8323e-006
1.4296e+000 8.8436e-006
1.4303e+000 8.8549e-006
1.4311e+000 8.8662e-006
1.4319e+000 8.8777e-006
1.4327e+000 8.8891e-006
1.4334e+000 8.9007e-006
1.4342e+000 8.9123e-006
1.4350e+000 8.9240e-006
1.4358e+000 8.9357e-006
1.4366e+000 8.9476e-006
1.4373e+000 8.9594e-006
1.4381e+000 8.9714e-006
1.4389e+000 8.9834e-006
1.4397e+000 8.9954e-006
1.4404e+000 9.0075e-006
1.4412e+000 9.0197e-006
1.4420e+000 9.0320e-006
1.4428e+000 9.0443e-006
1.4436e+000 9.0566e-006
1.4443e+000 9.0691e-006
1.4451e+000 9.0816e-006
1.4459e+000 9.0941e-006
1.4467e+000 9.1067e-006
1.4474e+000 9.1194e-006
1.4482e+000 9.1322e-006
1.4490e+000 9.1450e-006
1.4498e+000 9.1578e-006
1.4506e+000 9.1708e-006
1.4513e+000 9.1838e-006
1.4521e+000 9.1968e-006
1.4529e+000 9.2099e-006
1.4537e+000 9.2231e-006
1.4544e+000 9.2364e-006
1.4552e+000 9.2497e-006
1.4560e+000 9.2630e-006
1.4568e+000 9.2765e-006
1.4576e+000 9.2900e-006
1.4583e+000 9.3035e-006
1.4591e+000 9.3171e-006
1.4599e+000 9.3308e-006
1.4607e+000 9.3446e-006
1.4614e+000 9.3584e-006
1.4622e+000 9.3723e-006
1.4630e+000 9.3862e-006
1.4638e+000 9.4002e-006
1.4646e+000 9.4143e-006
1.4653e+000 9.4284e-006
1.4661e+000 9.4426e-006
1.4669e+000 9.4569e-006
1.4677e+000 9.4712e-006
1.4684e+000 9.4856e-006
1.4692e+000 9.5000e-006
1.4700e+000 9.5145e-006
1.4708e+000 9.5291e-006
1.4716e+000 9.5438e-006
1.4723e+000 9.5585e-006
1.4731e+000 9.5733e-006
1.4739e+000 9.5881e-006
1.4747e+000 9.6030e-006
1.4754e+000 9.6180e-006
1.4762e+000 9.6330e-006
1.4770e+000 9.6482e-006
1.4778e+000 9.6633e-006
1.4786e+000 9.6786e-006
1.4793e+000 9.6939e-006
1.4801e+000 9.7093e-006
1.4809e+000 9.7247e-006
1.4817e+000 9.7402e-006
1.4824e+000 9.7558e-006
1.4832e+000 9.7715e-006
1.4840e+000 9.7872e-006
1.4848e+000 9.8030e-006
1.4856e+000 9.8188e-006
1.4863e+000 9.8348e-006
1.4871e+000 9.8508e-006
1.4879e+000 9.8668e-006
1.4887e+000 9.8830e-006
1.4894e+000 9.8992e-006
1.4902e+000 9.9155e-006
1.4910e+000 9.9318e-006
1.4918e+000 9.9482e-006
1.4926e+000 9.9647e-006
1.4933e+000 9.9813e-006
1.4941e+000 9.9980e-006
1.4949e+000 1.0015e-005
1.4957e+000 1.0031e-005
1.4964e+000 1.0048e-005
1.4972e+000 1.0065e-005
1.4980e+000 1.0082e-005
1.4988e+000 1.0099e-005
1.4996e+000 1.0117e-005
1.5003e+000 1.0134e-005
1.5011e+000 1.0151e-005
1.5019e+000 1.0168e-005
1.5027e+000 1.0186e-005
1.5034e+000 1.0203e-005
1.5042e+000 1.0221e-005
1.5050e+000 1.0239e-005
1.5058e+000 1.0257e-005
1.5066e+000 1.0274e-005
1.5073e+000 1.0292e-005
1.5081e+000 1.0310e-005
1.5089e+000 1.0329e-005
1.5097e+000 1.0347e-005
1.5104e+000 1.0365e-005
1.5112e+000 1.0383e-005
1.5120e+000 1.0402e-005
1.5128e+000 1.0420e-005
1.5136e+000 1.0439e-005
1.5143e+000 1.0458e-005
1.5151e+000 1.0476e-005
1.5159e+000 1.0495e-005
1.5167e+000 1.0514e-005
1.5174e+000 1.0533e-005
1.5182e+000 1.0552e-005
1.5190e+000 1.0572e-005
1.5198e+000 1.0591e-005
1.5206e+000 1.0610e-005
1.5213e+000 1.0630e-005
1.5221e+000 1.0649e-005
1.5229e+000 1.0669e-005
1.5237e+000 1.0689e-005
1.5244e+000 1.0708e-005
1.5252e+000 1.0728e-005
1.5260e+000 1.0748e-005
1.5268e+000 1.0769e-005
1.5276e+000 1.0789e-005
1.5283e+000 1.0809e-005
1.5291e+000 1.0830e-005
1.5299e+000 1.0850e-005
1.5307e+000 1.0871e-005
1.5314e+000 1.0891e-005
1.5322e+000 1.0912e-005
1.5330e+000 1.0933e-005
1.5338e+000 1.0954e-005
1.5346e+000 1.0975e-005
1.5353e+000 1.0996e-005
1.5361e+000 1.1018e-005
1.5369e+000 1.1039e-005
1.5377e+000 1.1061e-005
1.5384e+000 1.1082e-005
1.5392e+000 1.1104e-005
1.5400e+000 1.1126e-005
1.5408e+000 1.1148e-005
1.5416e+000 1.1170e-005
1.5423e+000 1.1192e-005
1.5431e+000 1.1215e-005
1.5439e+000 1.1237e-005
1.5447e+000 1.1260e-005
1.5454e+000 1.1282e-005
1.5462e+000 1.1305e-005
1.5470e+000 1.1328e-005
1.5478e+000 1.1351e-005
1.5486e+000 1.1374e-005
1.5493e+000 1.1397e-005
1.5501e+000 1.1421e-005
1.5509e+000 1.1444e-005
1.5517e+000 1.1468e-005
1.5524e+000 1.1492e-005
1.5532e+000 1.1515e-005
1.5540e+000 1.1539e-005
1.5548e+000 1.1564e-005
1.5556e+000 1.1588e-005
1.5563e+000 1.1612e-005
1.5571e+000 1.1637e-005
1.5579e+000 1.1661e-005
1.5587e+000 1.1686e-005
1.5594e+000 1.1711e-005
1.5602e+000 1.1736e-005
1.5610e+000 1.1762e-005
1.5618e+000 1.1787e-005
1.5626e+000 1.1812e-005
1.5633e+000 1.1838e-005
1.5641e+000 1.1864e-005
1.5649e+000 1.1890e-005
1.5657e+000 1.1916e-005
1.5664e+000 1.1942e-005
1.5672e+000 1.1969e-005
1.5680e+000 1.1995e-005
1.5688e+000 1.2022e-005
1.5696e+000 1.2049e-005
1.5703e+000 1.2076e-005
1.5711e+000 1.2103e-005
1.5719e+000 1.2130e-005
1.5727e+000 1.2158e-005
1.5734e+000 1.2186e-005
1.5742e+000 1.2213e-005
1.5750e+000 1.2241e-005
1.5758e+000 1.2270e-005
1.5766e+000 1.2298e-005
1.5773e+000 1.2327e-005
1.5781e+000 1.2355e-005
1.5789e+000 1.2384e-005
1.5797e+000 1.2413e-005
1.5804e+000 1.2443e-005
1.5812e+000 1.2472e-005
1.5820e+000 1.2502e-005
1.5828e+000 1.2531e-005
1.5836e+000 1.2562e-005
1.5843e+000 1.2592e-005
1.5851e+000 1.2622e-005
1.5859e+000 1.2653e-005
1.5867e+000 1.2684e-005
1.5874e+000 1.2715e-005
1.5882e+000 1.2746e-005
1.5890e+000 1.2777e-005
1.5898e+000 1.2809e-005
1.5906e+000 1.2841e-005
1.5913e+000 1.2873e-005
1.5921e+000 1.2905e-005
1.5929e+000 1.2938e-005
1.5937e+000 1.2970e-005
1.5944e+000 1.3003e-005
1.5952e+000 1.3036e-005
1.5960e+000 1.3070e-005
1.5968e+000 1.3103e-005
1.5976e+000 1.3137e-005
1.5983e+000 1.3171e-005
1.5991e+000 1.3206e-005
1.5999e+000 1.3240e-005
1.6007e+000 1.3275e-005
1.6014e+000 1.3310e-005
1.6022e+000 1.3346e-005
1.6030e+000 1.3381e-005
1.6038e+000 1.3417e-005
1.6046e+000 1.3453e-005
1.6053e+000 1.3490e-005
1.6061e+000 1.3526e-005
1.6069e+000 1.3563e-005
1.6077e+000 1.3601e-005
1.6084e+000 1.3638e-005
1.6092e+000 1.3676e-005
1.6100e+000 1.3714e-005
1.6108e+000 1.3752e-005
1.6116e+000 1.3791e-005
1.6123e+000 1.3830e-005
1.6131e+000 1.3869e-005
1.6139e+000 1.3909e-005
1.6147e+000 1.3949e-005
1.6154e+000 1.3989e-005
1.6162e+000 1.4029e-005
1.6170e+000 1.4070e-005
1.6178e+000 1.4111e-005
1.6186e+000 1.4153e-005
1.6193e+000 1.4194e-005
1.6201e+000 1.4237e-005
1.6209e+000 1.4279e-005
1.6217e+000 1.4322e-005
1.6224e+000 1.4365e-005
1.6232e+000 1.4409e-005
1.6240e+000 1.4452e-005
1.6248e+000 1.4497e-005
1.6256e+000 1.4541e-005
1.6263e+000 1.4586e-005
1.6271e+000 1.4632e-005
1.6279e+000 1.4678e-005
1.6287e+000 1.4724e-005
1.6294e+000 1.4770e-005
1.6302e+000 1.4817e-005
1.6310e+000 1.4865e-005
1.6318e+000 1.4912e-005
1.6326e+000 1.4960e-005
1.6333e+000 1.5009e-005
1.6341e+000 1.5058e-005
1.6349e+000 1.5108e-005
1.6357e+000 1.5157e-005
1.6364e+000 1.5208e-005
1.6372e+000 1.5259e-005
1.6380e+000 1.5310e-005
1.6388e+000 1.5361e-005
1.6396e+000 1.5414e-005
1.6403e+000 1.5466e-005
1.6411e+000 1.5519e-005
1.6419e+000 1.5573e-005
1.6427e+000 1.5627e-005
1.6434e+000 1.5682e-005
1.6442e+000 1.5737e-005
1.6450e+000 1.5793e-005
1.6458e+000 1.5849e-005
1.6466e+000 1.5905e-005
1.6473e+000 1.5963e-005
1.6481e+000 1.6020e-005
1.6489e+000 1.6079e-005
1.6497e+000 1.6138e-005
1.6504e+000 1.6197e-005
1.6512e+000 1.6257e-005
1.6520e+000 1.6318e-005
1.6528e+000 1.6379e-005
1.6536e+000 1.6441e-005
1.6543e+000 1.6503e-005
1.6551e+000 1.6566e-005
1.6559e+000 1.6630e-005
1.6567e+000 1.6694e-005
1.6574e+000 1.6759e-005
1.6582e+000 1.6825e-005
1.6590e+000 1.6891e-005
1.6598e+000 1.6958e-005
1.6606e+000 1.7025e-005
1.6613e+000 1.7094e-005
1.6621e+000 1.7163e-005
1.6629e+000 1.7232e-005
1.6637e+000 1.7303e-005
1.6644e+000 1.7374e-005
1.6652e+000 1.7446e-005
1.6660e+000 1.7519e-005
1.6668e+000 1.7592e-005
1.6676e+000 1.7666e-005
1.6683e+000 1.7741e-005
1.6691e+000 1.7817e-005
1.6699e+000 1.7894e-005
1.6707e+000 1.7971e-005
1.6714e+000 1.8049e-005
1.6722e+000 1.8128e-005
1.6730e+000 1.8208e-005
1.6738e+000 1.8289e-005
1.6746e+000 1.8371e-005
1.6753e+000 1.8454e-005
1.6761e+000 1.8537e-005
1.6769e+000 1.8622e-005
1.6777e+000 1.8707e-005
1.6784e+000 1.8793e-005
1.6792e+000 1.8881e-005
1.6800e+000 1.8969e-005
1.6808e+000 1.9058e-005
1.6816e+000 1.9149e-005
1.6823e+000 1.9240e-005
1.6831e+000 1.9332e-005
1.6839e+000 1.9426e-005
1.6847e+000 1.9520e-005
1.6854e+000 1.9616e-005
1.6862e+000 1.9713e-005
1.6870e+000 1.9810e-005
1.6878e+000 1.9909e-005
1.6886e+000 2.0010e-005
1.6893e+000 2.0111e-005
1.6901e+000 2.0214e-005
1.6909e+000 2.0317e-005
1.6917e+000 2.0422e-005
1.6924e+000 2.0529e-005
1.6932e+000 2.0636e-005
1.6940e+000 2.0745e-005
1.6948e+000 2.0855e-005
1.6956e+000 2.0967e-005
1.6963e+000 2.1079e-005
1.6971e+000 2.1194e-005
1.6979e+000 2.1309e-005
1.6987e+000 2.1426e-005
1.6994e+000 2.1545e-005
1.7002e+000 2.1665e-005
1.7010e+000 2.1786e-005
1.7018e+000 2.1909e-005
1.7026e+000 2.2034e-005
1.7033e+000 2.2160e-005
1.7041e+000 2.2287e-005
1.7049e+000 2.2417e-005
1.7057e+000 2.2548e-005
1.7064e+000 2.2680e-005
1.7072e+000 2.2815e-005
1.7080e+000 2.2951e-005
1.7088e+000 2.3088e-005
1.7096e+000 2.3228e-005
1.7103e+000 2.3369e-005
1.7111e+000 2.3513e-005
1.7119e+000 2.3658e-005
1.7127e+000 2.3805e-005
1.7134e+000 2.3954e-005
1.7142e+000 2.4105e-005
1.7150e+000 2.4258e-005
1.7158e+000 2.4412e-005
1.7166e+000 2.4570e-005
1.7173e+000 2.4729e-005
1.7181e+000 2.4890e-005
1.7189e+000 2.5053e-005
1.7197e+000 2.5219e-005
1.7204e+000 2.5387e-005
1.7212e+000 2.5557e-005
1.7220e+000 2.5730e-005
1.7228e+000 2.5905e-005
1.7236e+000 2.6082e-005
1.7243e+000 2.6262e-005
1.7251e+000 2.6444e-005
1.7259e+000 2.6629e-005
1.7267e+000 2.6816e-005
1.7274e+000 2.7006e-005
1.7282e+000 2.7199e-005
1.7290e+000 2.7394e-005
1.7298e+000 2.7593e-005
1.7306e+000 2.7794e-005
1.7313e+000 2.7998e-005
1.7321e+000 2.8204e-005
1.7329e+000 2.8414e-005
1.7337e+000 2.8627e-005
1.7344e+000 2.8843e-005
1.7352e+000 2.9062e-005
1.7360e+000 2.9284e-005
1.7368e+000 2.9510e-005
1.7376e+000 2.9738e-005
1.7383e+000 2.9970e-005
1.7391e+000 3.0206e-005
1.7399e+000 3.0445e-005
1.7407e+000 3.0688e-005
1.7414e+000 3.0934e-005
1.7422e+000 3.1184e-005
1.7430e+000 3.1437e-005
1.7438e+000 3.1695e-005
1.7446e+000 3.1956e-005
1.7453e+000 3.2222e-005
1.7461e+000 3.2491e-005
1.7469e+000 3.2765e-005
1.7477e+000 3.3042e-005
1.7484e+000 3.3324e-005
1.7492e+000 3.3611e-005
1.7500e+000 3.3901e-005
1.7508e+000 3.4197e-005
1.7516e+000 3.4497e-005
1.7523e+000 3.4801e-005
1.7531e+000 3.5111e-005
1.7539e+000 3.5425e-005
1.7547e+000 3.5744e-005
1.7554e+000 3.6069e-005
1.7562e+000 3.6398e-005
1.7570e+000 3.6733e-005
1.7578e+000 3.7073e-005
1.7586e+000 3.7419e-005
1.7593e+000 3.7770e-005
1.7601e+000 3.8127e-005
1.7609e+000 3.8490e-005
1.7617e+000 3.8858e-005
1.7624e+000 3.9233e-005
1.7632e+000 3.9614e-005
1.7640e+000 4.0001e-005
1.7648e+000 4.0395e-005
1.7656e+000 4.0795e-005
1.7663e+000 4.1202e-005
1.7671e+000 4.1615e-005
1.7679e+000 4.2036e-005
1.7687e+000 4.2464e-005
1.7694e+000 4.2898e-005
1.7702e+000 4.3341e-005
1.7710e+000 4.3791e-005
1.7718e+000 4.4248e-005
1.7726e+000 4.4714e-005
1.7733e+000 4.5187e-005
1.7741e+000 4.5669e-005
1.7749e+000 4.6159e-005
1.7757e+000 4.6658e-005
1.7764e+000 4.7165e-005
1.7772e+000 4.7682e-005
1.7780e+000 4.8207e-005
1.7788e+000 4.8742e-005
1.7796e+000 4.9286e-005
1.7803e+000 4.9840e-005
1.7811e+000 5.0404e-005
1.7819e+000 5.0978e-005
1.7827e+000 5.1563e-005
1.7834e+000 5.2158e-005
1.7842e+000 5.2764e-005
1.7850e+000 5.3381e-005
1.7858e+000 5.4009e-005
1.7866e+000 5.4649e-005
1.7873e+000 5.5301e-005
1.7881e+000 5.5965e-005
1.7889e+000 5.6641e-005
1.7897e+000 5.7330e-005
1.7904e+000 5.8032e-005
1.7912e+000 5.8747e-005
1.7920e+000 5.9476e-005
1.7928e+000 6.0218e-005
1.7936e+000 6.0975e-005
1.7943e+000 6.1746e-005
1.7951e+000 6.2532e-005
1.7959e+000 6.3334e-005
1.7967e+000 6.4151e-005
1.7974e+000 6.4984e-005
1.7982e+000 6.5833e-005
1.7990e+000 6.6699e-005
1.7998e+000 6.7582e-005
1.8006e+000 6.8482e-005
1.8013e+000 6.9401e-005
1.8021e+000 7.0338e-005
1.8029e+000 7.1293e-005
1.8037e+000 7.2268e-005
1.8044e+000 7.3263e-005
1.8052e+000 7.4278e-005
1.8060e+000 7.5314e-005
1.8068e+000 7.6371e-005
1.8076e+000 7.7450e-005
1.8083e+000 7.8552e-005
1.8091e+000 7.9676e-005
1.8099e+000 8.0824e-005
1.8107e+000 8.1996e-005
1.8114e+000 8.3193e-005
1.8122e+000 8.4415e-005
1.8130e+000 8.5663e-005
1.8138e+000 8.6938e-005
1.8146e+000 8.8241e-005
1.8153e+000 8.9572e-005
1.8161e+000 9.0931e-005
1.8169e+000 9.2320e-005
1.8177e+000 9.3740e-005
1.8184e+000 9.5191e-005
1.8192e+000 9.6674e-005
1.8200e+000 9.8191e-005
1.8208e+000 9.9741e-005
1.8216e+000 1.0133e-004
1.8223e+000 1.0295e-004
1.8231e+000 1.0460e-004
1.8239e+000 1.0630e-004
1.8247e+000 1.0803e-004
1.8254e+000 1.0981e-004
1.8262e+000 1.1162e-004
1.8270e+000 1.1348e-004
1.8278e+000 1.1538e-004
1.8286e+000 1.1733e-004
1.8293e+000 1.1932e-004
1.8301e+000 1.2136e-004
1.8309e+000 1.2345e-004
1.8317e+000 1.2559e-004
1.8324e+000 1.2778e-004
1.8332e+000 1.3002e-004
1.8340e+000 1.3232e-004
1.8348e+000 1.3467e-004
1.8356e+000 1.3709e-004
1.8363e+000 1.3956e-004
1.8371e+000 1.4209e-004
1.8379e+000 1.4469e-004
1.8387e+000 1.4736e-004
1.8394e+000 1.5009e-004
1.8402e+000 1.5289e-004
1.8410e+000 1.5576e-004
1.8418e+000 1.5871e-004
1.8426e+000 1.6174e-004
1.8433e+000 1.6484e-004
1.8441e+000 1.6802e-004
1.8449e+000 1.7129e-004
1.8457e+000 1.7465e-004
1.8464e+000 1.7810e-004
1.8472e+000 1.8164e-004
1.8480e+000 1.8527e-004
1.8488e+000 1.8900e-004
1.8496e+000 1.9284e-004
1.8503e+000 1.9678e-004
1.8511e+000 2.0084e-004
1.8519e+000 2.0500e-004
1.8527e+000 2.0928e-004
1.8534e+000 2.1369e-004
1.8542e+000 2.1821e-004
1.8550e+000 2.2287e-004
1.8558e+000 2.2767e-004
1.8566e+000 2.3260e-004
1.8573e+000 2.3767e-004
1.8581e+000 2.4290e-004
1.8589e+000 2.4828e-004
1.8597e+000 2.5382e-004
1.8604e+000 2.5952e-004
1.8612e+000 2.6540e-004
1.8620e+000 2.7145e-004
1.8628e+000 2.7769e-004
1.8636e+000 2.8413e-004
1.8643e+000 2.9076e-004
1.8651e+000 2.9760e-004
1.8659e+000 3.0465e-004
1.8667e+000 3.1193e-004
1.8674e+000 3.1943e-004
1.8682e+000 3.2718e-004
1.8690e+000 3.3518e-004
1.8698e+000 3.4343e-004
1.8706e+000 3.5196e-004
1.8713e+000 3.6076e-004
1.8721e+000 3.6986e-004
1.8729e+000 3.7926e-004
1.8737e+000 3.8897e-004
1.8744e+000 3.9902e-004
1.8752e+000 4.0940e-004
1.8760e+000 4.2014e-004
1.8768e+000 4.3124e-004
1.8776e+000 4.4274e-004
1.8783e+000 4.5463e-004
1.8791e+000 4.6694e-004
1.8799e+000 4.7969e-004
1.8807e+000 4.9288e-004
1.8814e+000 5.0655e-004
1.8822e+000 5.2071e-004
1.8830e+000 5.3539e-004
1.8838e+000 5.5060e-004
1.8846e+000 5.6636e-004
1.8853e+000 5.8271e-004
1.8861e+000 5.9966e-004
1.8869e+000 6.1724e-004
1.8877e+000 6.3548e-004
1.8884e+000 6.5440e-004
1.8892e+000 6.7404e-004
1.8900e+000 6.9443e-004
1.8908e+000 7.1559e-004
1.8916e+000 7.3756e-004
1.8923e+000 7.6038e-004
1.8931e+000 7.8408e-004
1.8939e+000 8.0869e-004
1.8947e+000 8.3426e-004
1.8954e+000 8.6083e-004
1.8962e+000 8.8842e-004
1.8970e+000 9.1710e-004
1.8978e+000 9.4689e-004
1.8986e+000 9.7785e-004
1.8993e+000 1.0100e-003
1.9001e+000 1.0434e-003
1.9009e+000 1.0782e-003
1.9017e+000 1.1142e-003
1.9024e+000 1.1517e-003
1.9032e+000 1.1906e-003
1.9040e+000 1.2309e-003
1.9048e+000 1.2729e-003
1.9056e+000 1.3163e-003
1.9063e+000 1.3614e-003
1.9071e+000 1.4082e-003
1.9079e+000 1.4566e-003
1.9087e+000 1.5068e-003
1.9094e+000 1.5587e-003
1.9102e+000 1.6123e-003
1.9110e+000 1.6677e-003
1.9118e+000 1.7249e-003
1.9126e+000 1.7839e-003
1.9133e+000 1.8446e-003
1.9141e+000 1.9071e-003
1.9149e+000 1.9712e-003
1.9157e+000 2.0369e-003
1.9164e+000 2.1041e-003
1.9172e+000 2.1728e-003
1.9180e+000 2.2427e-003
1.9188e+000 2.3137e-003
1.9196e+000 2.3858e-003
1.9203e+000 2.4586e-003
1.9211e+000 2.5319e-003
1.9219e+000 2.6054e-003
1.9227e+000 2.6790e-003
1.9234e+000 2.7522e-003
1.9242e+000 2.8247e-003
1.9250e+000 2.8961e-003
1.9258e+000 2.9661e-003
1.9266e+000 3.0342e-003
1.9273e+000 3.1000e-003
1.9281e+000 3.1631e-003
1.9289e+000 3.2230e-003
1.9297e+000 3.2794e-003
1.9304e+000 3.3317e-003
1.9312e+000 3.3795e-003
1.9320e+000 3.4226e-003
1.9328e+000 3.4605e-003
1.9336e+000 3.4930e-003
1.9343e+000 3.5199e-003
1.9351e+000 3.5408e-003
1.9359e+000 3.5558e-003
1.9367e+000 3.5647e-003
1.9374e+000 3.5676e-003
1.9382e+000 3.5644e-003
1.9390e+000 3.5553e-003
1.9398e+000 3.5405e-003
1.9406e+000 3.5202e-003
1.9413e+000 3.4947e-003
1.9421e+000 3.4642e-003
1.9429e+000 3.4291e-003
1.9437e+000 3.3899e-003
1.9444e+000 3.3467e-003
1.9452e+000 3.3001e-003
1.9460e+000 3.2505e-003
1.9468e+000 3.1982e-003
1.9476e+000 3.1436e-003
1.9483e+000 3.0872e-003
1.9491e+000 3.0291e-003
1.9499e+000 2.9699e-003
1.9507e+000 2.9097e-003
1.9514e+000 2.8490e-003
1.9522e+000 2.7879e-003
1.9530e+000 2.7267e-003
1.9538e+000 2.6656e-003
1.9546e+000 2.6049e-003
1.9553e+000 2.5446e-003
1.9561e+000 2.4850e-003
1.9569e+000 2.4262e-003
1.9577e+000 2.3683e-003
1.9584e+000 2.3114e-003
1.9592e+000 2.2555e-003
1.9600e+000 2.2008e-003
1.9608e+000 2.1472e-003
1.9616e+000 2.0949e-003
1.9623e+000 2.0439e-003
1.9631e+000 1.9941e-003
1.9639e+000 1.9456e-003
1.9647e+000 1.8984e-003
1.9654e+000 1.8525e-003
1.9662e+000 1.8079e-003
1.9670e+000 1.7646e-003
1.9678e+000 1.7225e-003
1.9686e+000 1.6816e-003
1.9693e+000 1.6420e-003
1.9701e+000 1.6035e-003
1.9709e+000 1.5663e-003
1.9717e+000 1.5301e-003
1.9724e+000 1.4951e-003
1.9732e+000 1.4611e-003
1.9740e+000 1.4282e-003
1.9748e+000 1.3963e-003
1.9756e+000 1.3654e-003
1.9763e+000 1.3354e-003
1.9771e+000 1.3064e-003
1.9779e+000 1.2783e-003
1.9787e+000 1.2510e-003
1.9794e+000 1.2246e-003
1.9802e+000 1.1990e-003
1.9810e+000 1.1742e-003
1.9818e+000 1.1502e-003
1.9826e+000 1.1269e-003
1.9833e+000 1.1043e-003
1.9841e+000 1.0824e-003
1.9849e+000 1.0611e-003
1.9857e+000 1.0405e-003
1.9864e+000 1.0205e-003
1.9872e+000 1.0011e-003
1.9880e+000 9.8231e-004
1.9888e+000 9.6405e-004
1.9896e+000 9.4631e-004
1.9903e+000 9.2910e-004
1.9911e+000 9.1238e-004
1.9919e+000 8.9614e-004
1.9927e+000 8.8037e-004
1.9934e+000 8.6505e-004
1.9942e+000 8.5016e-004
1.9950e+000 8.3569e-004
1.9958e+000 8.2162e-004
1.9966e+000 8.0794e-004
1.9973e+000 7.9464e-004
1.9981e+000 7.8170e-004
1.9989e+000 7.6912e-004
1.9997e+000 7.5688e-004
2.0004e+000 7.4496e-004
2.0012e+000 7.3336e-004
2.0020e+000 7.2207e-004
2.0028e+000 7.1108e-004
2.0036e+000 7.0038e-004
2.0043e+000 6.8995e-004
2.0051e+000 6.7979e-004
2.0059e+000 6.6990e-004
2.0067e+000 6.6025e-004
2.0074e+000 6.5085e-004
2.0082e+000 6.4169e-004
2.0090e+000 6.3275e-004
2.0098e+000 6.2404e-004
2.0106e+000 6.1555e-004
2.0113e+000 6.0726e-004
2.0121e+000 5.9917e-004
2.0129e+000 5.9128e-004
2.0137e+000 5.8358e-004
2.0144e+000 5.7607e-004
2.0152e+000 5.6873e-004
2.0160e+000 5.6157e-004
2.0168e+000 5.5458e-004
2.0176e+000 5.4775e-004
2.0183e+000 5.4108e-004
2.0191e+000 5.3456e-004
2.0199e+000 5.2820e-004
2.0207e+000 5.2198e-004
2.0214e+000 5.1590e-004
2.0222e+000 5.0996e-004
2.0230e+000 5.0416e-004
2.0238e+000 4.9848e-004
2.0246e+000 4.9293e-004
2.0253e+000 4.8751e-004
2.0261e+000 4.8221e-004
2.0269e+000 4.7702e-004
2.0277e+000 4.7195e-004
2.0284e+000 4.6699e-004
2.0292e+000 4.6214e-004
2.0300e+000 4.5739e-004
2.0308e+000 4.5275e-004
2.0316e+000 4.4820e-004
2.0323e+000 4.4376e-004
2.0331e+000 4.3941e-004
2.0339e+000 4.3515e-004
2.0347e+000 4.3099e-004
2.0354e+000 4.2691e-004
2.0362e+000 4.2292e-004
2.0370e+000 4.1901e-004
2.0378e+000 4.1519e-004
2.0386e+000 4.1145e-004
2.0393e+000 4.0779e-004
2.0401e+000 4.0421e-004
2.0409e+000 4.0070e-004
2.0417e+000 3.9726e-004
2.0424e+000 3.9390e-004
2.0432e+000 3.9061e-004
2.0440e+000 3.8739e-004
2.0448e+000 3.8424e-004
2.0456e+000 3.8115e-004
2.0463e+000 3.7813e-004
2.0471e+000 3.7517e-004
2.0479e+000 3.7228e-004
2.0487e+000 3.6945e-004
2.0494e+000 3.6668e-004
2.0502e+000 3.6397e-004
2.0510e+000 3.6132e-004
2.0518e+000 3.5872e-004
2.0526e+000 3.5618e-004
2.0533e+000 3.5370e-004
2.0541e+000 3.5127e-004
2.0549e+000 3.4890e-004
2.0557e+000 3.4658e-004
2.0564e+000 3.4431e-004
2.0572e+000 3.4209e-004
2.0580e+000 3.3992e-004
2.0588e+000 3.3781e-004
2.0596e+000 3.3574e-004
2.0603e+000 3.3372e-004
2.0611e+000 3.3175e-004
2.0619e+000 3.2982e-004
2.0627e+000 3.2795e-004
2.0634e+000 3.2612e-004
2.0642e+000 3.2433e-004
2.0650e+000 3.2259e-004
2.0658e+000 3.2090e-004
2.0666e+000 3.1925e-004
2.0673e+000 3.1764e-004
2.0681e+000 3.1608e-004
2.0689e+000 3.1456e-004
2.0697e+000 3.1308e-004
2.0704e+000 3.1164e-004
2.0712e+000 3.1025e-004
2.0720e+000 3.0890e-004
2.0728e+000 3.0759e-004
2.0736e+000 3.0633e-004
2.0743e+000 3.0510e-004
2.0751e+000 3.0391e-004
2.0759e+000 3.0277e-004
2.0767e+000 3.0167e-004
2.0774e+000 3.0061e-004
2.0782e+000 2.9958e-004
2.0790e+000 2.9860e-004
2.0798e+000 2.9766e-004
2.0806e+000 2.9676e-004
2.0813e+000 2.9590e-004
2.0821e+000 2.9508e-004
2.0829e+000 2.9430e-004
2.0837e+000 2.9357e-004
2.0844e+000 2.9287e-004
2.0852e+000 2.9221e-004
2.0860e+000 2.9160e-004
2.0868e+000 2.9102e-004
2.0876e+000 2.9049e-004
2.0883e+000 2.9000e-004
2.0891e+000 2.8955e-004
2.0899e+000 2.8914e-004
2.0907e+000 2.8878e-004
2.0914e+000 2.8845e-004
2.0922e+000 2.8817e-004
2.0930e+000 2.8794e-004
2.0938e+000 2.8774e-004
2.0946e+000 2.8760e-004
2.0953e+000 2.8749e-004
2.0961e+000 2.8743e-004
2.0969e+000 2.8742e-004
2.0977e+000 2.8745e-004
2.0984e+000 2.8753e-004
2.0992e+000 2.8766e-004
2.1000e+000 2.8783e-004
2.1008e+000 2.8806e-004
2.1016e+000 2.8833e-004
2.1023e+000 2.8865e-004
2.1031e+000 2.8903e-004
2.1039e+000 2.8945e-004
2.1047e+000 2.8993e-004
2.1054e+000 2.9046e-004
2.1062e+000 2.9105e-004
2.1070e+000 2.9169e-004
2.1078e+000 2.9238e-004
2.1086e+000 2.9314e-004
2.1093e+000 2.9395e-004
2.1101e+000 2.9482e-004
2.1109e+000 2.9576e-004
2.1117e+000 2.9675e-004
2.1124e+000 2.9781e-004
2.1132e+000 2.9893e-004
2.1140e+000 3.0012e-004
2.1148e+000 3.0138e-004
2.1156e+000 3.0271e-004
2.1163e+000 3.0410e-004
2.1171e+000 3.0557e-004
2.1179e+000 3.0712e-004
2.1187e+000 3.0873e-004
2.1194e+000 3.1043e-004
2.1202e+000 3.1221e-004
2.1210e+000 3.1407e-004
2.1218e+000 3.1601e-004
2.1226e+000 3.1804e-004
2.1233e+000 3.2016e-004
2.1241e+000 3.2237e-004
2.1249e+000 3.2467e-004
2.1257e+000 3.2707e-004
2.1264e+000 3.2956e-004
2.1272e+000 3.3216e-004
2.1280e+000 3.3486e-004
2.1288e+000 3.3767e-004
2.1296e+000 3.4060e-004
2.1303e+000 3.4363e-004
2.1311e+000 3.4678e-004
2.1319e+000 3.5006e-004
2.1327e+000 3.5345e-004
2.1334e+000 3.5698e-004
2.1342e+000 3.6064e-004
2.1350e+000 3.6444e-004
2.1358e+000 3.6837e-004
2.1366e+000 3.7246e-004
2.1373e+000 3.7669e-004
2.1381e+000 3.8108e-004
2.1389e+000 3.8563e-004
2.1397e+000 3.9035e-004
2.1404e+000 3.9524e-004
2.1412e+000 4.0031e-004
2.1420e+000 4.0556e-004
2.1428e+000 4.1101e-004
2.1436e+000 4.1665e-004
2.1443e+000 4.2249e-004
2.1451e+000 4.2855e-004
2.1459e+000 4.3483e-004
2.1467e+000 4.4134e-004
2.1474e+000 4.4808e-004
2.1482e+000 4.5507e-004
2.1490e+000 4.6232e-004
2.1498e+000 4.6983e-004
2.1506e+000 4.7761e-004
2.1513e+000 4.8568e-004
2.1521e+000 4.9405e-004
2.1529e+000 5.0273e-004
2.1537e+000 5.1173e-004
2.1544e+000 5.2106e-004
2.1552e+000 5.3074e-004
2.1560e+000 5.4079e-004
2.1568e+000 5.5121e-004
2.1576e+000 5.6203e-004
2.1583e+000 5.7326e-004
2.1591e+000 5.8492e-004
2.1599e+000 5.9702e-004
2.1607e+000 6.0960e-004
2.1614e+000 6.2266e-004
2.1622e+000 6.3623e-004
2.1630e+000 6.5034e-004
2.1638e+000 6.6500e-004
2.1646e+000 6.8024e-004
2.1653e+000 6.9610e-004
2.1661e+000 7.1260e-004
2.1669e+000 7.2976e-004
2.1677e+000 7.4763e-004
2.1684e+000 7.6624e-004
2.1692e+000 7.8562e-004
2.1700e+000 8.0581e-004
2.1708e+000 8.2685e-004
2.1716e+000 8.4879e-004
2.1723e+000 8.7167e-004
2.1731e+000 8.9555e-004
2.1739e+000 9.2046e-004
2.1747e+000 9.4648e-004
2.1754e+000 9.7366e-004
2.1762e+000 1.0021e-003
2.1770e+000 1.0317e-003
2.1778e+000 1.0628e-003
2.1786e+000 1.0953e-003
2.1793e+000 1.1293e-003
2.1801e+000 1.1649e-003
2.1809e+000 1.2023e-003
2.1817e+000 1.2414e-003
2.1824e+000 1.2824e-003
2.1832e+000 1.3255e-003
2.1840e+000 1.3708e-003
2.1848e+000 1.4183e-003
2.1856e+000 1.4683e-003
2.1863e+000 1.5209e-003
2.1871e+000 1.5762e-003
2.1879e+000 1.6346e-003
2.1887e+000 1.6960e-003
2.1894e+000 1.7609e-003
2.1902e+000 1.8293e-003
2.1910e+000 1.9016e-003
2.1918e+000 1.9781e-003
2.1926e+000 2.0589e-003
2.1933e+000 2.1446e-003
2.1941e+000 2.2354e-003
2.1949e+000 2.3317e-003
2.1957e+000 2.4340e-003
2.1964e+000 2.5427e-003
2.1972e+000 2.6583e-003
2.1980e+000 2.7815e-003
2.1988e+000 2.9128e-003
2.1996e+000 3.0529e-003
2.2003e+000 3.2027e-003
2.2011e+000 3.3629e-003
2.2019e+000 3.5345e-003
2.2027e+000 3.7186e-003
2.2034e+000 3.9163e-003
2.2042e+000 4.1289e-003
2.2050e+000 4.3579e-003
2.2058e+000 4.6049e-003
2.2066e+000 4.8718e-003
2.2073e+000 5.1606e-003
2.2081e+000 5.4737e-003
2.2089e+000 5.8138e-003
2.2097e+000 6.1838e-003
2.2104e+000 6.5871e-003
2.2112e+000 7.0278e-003
2.2120e+000 7.5102e-003
2.2128e+000 8.0394e-003
2.2136e+000 8.6215e-003
2.2143e+000 9.2632e-003
2.2151e+000 9.9724e-003
2.2159e+000 1.0758e-002
2.2167e+000 1.1632e-002
2.2174e+000 1.2605e-002
2.2182e+000 1.3692e-002
2.2190e+000 1.4911e-002
2.2198e+000 1.6282e-002
2.2206e+000 1.7829e-002
2.2213e+000 1.9580e-002
2.2221e+000 2.1567e-002
2.2229e+000 2.3831e-002
2.2237e+000 2.6416e-002
2.2244e+000 2.9378e-002
2.2252e+000 3.2777e-002
2.2260e+000 3.6684e-002
2.2268e+000 4.1177e-002
2.2276e+000 4.6339e-002
2.2283e+000 5.2249e-002
2.2291e+000 5.8972e-002
2.2299e+000 6.6538e-002
2.2307e+000 7.4912e-002
2.2314e+000 8.3948e-002
2.2322e+000 9.3341e-002
2.2330e+000 1.0259e-001
2.2338e+000 1.1099e-001
2.2346e+000 1.1772e-001
2.2353e+000 1.2199e-001
2.2361e+000 1.2325e-001
2.2369e+000 1.2139e-001
2.2377e+000 1.1675e-001
2.2384e+000 1.0999e-001
2.2392e+000 1.0191e-001
2.2400e+000 9.3263e-002
2.2408e+000 8.4620e-002
2.2416e+000 7.6375e-002
2.2423e+000 6.8751e-002
2.2431e+000 6.1847e-002
2.2439e+000 5.5678e-002
2.2447e+000 5.0213e-002
2.2454e+000 4.5395e-002
2.2462e+000 4.1156e-002
2.2470e+000 3.7427e-002
2.2478e+000 3.4146e-002
2.2486e+000 3.1253e-002
2.2493e+000 2.8697e-002
2.2501e+000 2.6432e-002
2.2509e+000 2.4419e-002
2.2517e+000 2.2625e-002
2.2524e+000 2.1022e-002
2.2532e+000 1.9583e-002
2.2540e+000 1.8290e-002
2.2548e+000 1.7123e-002
2.2556e+000 1.6067e-002
2.2563e+000 1.5110e-002
2.2571e+000 1.4238e-002
2.2579e+000 1.3443e-002
2.2587e+000 1.2717e-002
2.2594e+000 1.2051e-002
2.2602e+000 1.1439e-002
2.2610e+000 1.0875e-002
2.2618e+000 1.0355e-002
2.2626e+000 9.8747e-003
2.2633e+000 9.4294e-003
2.2641e+000 9.0161e-003
2.2649e+000 8.6318e-003
2.2657e+000 8.2739e-003
2.2664e+000 7.9400e-003
2.2672e+000 7.6280e-003
2.2680e+000 7.3360e-003
2.2688e+000 7.0623e-003
2.2696e+000 6.8055e-003
2.2703e+000 6.5641e-003
2.2711e+000 6.3369e-003
2.2719e+000 6.1229e-003
2.2727e+000 5.9210e-003
2.2734e+000 5.7303e-003
2.2742e+000 5.5500e-003
2.2750e+000 5.3793e-003
2.2758e+000 5.2176e-003
2.2766e+000 5.0642e-003
2.2773e+000 4.9186e-003
2.2781e+000 4.7802e-003
2.2789e+000 4.6486e-003
2.2797e+000 4.5233e-003
2.2804e+000 4.4039e-003
2.2812e+000 4.2900e-003
2.2820e+000 4.1813e-003
2.2828e+000 4.0775e-003
2.2836e+000 3.9783e-003
2.2843e+000 3.8834e-003
2.2851e+000 3.7925e-003
2.2859e+000 3.7055e-003
2.2867e+000 3.6221e-003
2.2874e+000 3.5421e-003
2.2882e+000 3.4653e-003
2.2890e+000 3.3916e-003
2.2898e+000 3.3207e-003
2.2906e+000 3.2526e-003
2.2913e+000 3.1871e-003
2.2921e+000 3.1240e-003
2.2929e+000 3.0632e-003
2.2937e+000 3.0047e-003
2.2944e+000 2.9483e-003
2.2952e+000 2.8938e-003
2.2960e+000 2.8413e-003
2.2968e+000 2.7906e-003
2.2976e+000 2.7417e-003
2.2983e+000 2.6943e-003
2.2991e+000 2.6486e-003
2.2999e+000 2.6044e-003
2.3007e+000 2.5616e-003
2.3014e+000 2.5201e-003
2.3022e+000 2.4800e-003
2.3030e+000 2.4411e-003
2.3038e+000 2.4035e-003
2.3046e+000 2.3670e-003
2.3053e+000 2.3316e-003
2.3061e+000 2.2973e-003
2.3069e+000 2.2639e-003
2.3077e+000 2.2316e-003
2.3084e+000 2.2002e-003
2.3092e+000 2.1697e-003
2.3100e+000 2.1400e-003
2.3108e+000 2.1112e-003
2.3116e+000 2.0832e-003
2.3123e+000 2.0559e-003
2.3131e+000 2.0294e-003
2.3139e+000 2.0036e-003
2.3147e+000 1.9785e-003
2.3154e+000 1.9540e-003
2.3162e+000 1.9302e-003
2.3170e+000 1.9070e-003
2.3178e+000 1.8844e-003
2.3186e+000 1.8624e-003
2.3193e+000 1.8409e-003
2.3201e+000 1.8200e-003
2.3209e+000 1.7995e-003
2.3217e+000 1.7796e-003
2.3224e+000 1.7602e-003
2.3232e+000 1.7412e-003
2.3240e+000 1.7226e-003
2.3248e+000 1.7045e-003
2.3256e+000 1.6869e-003
2.3263e+000 1.6696e-003
2.3271e+000 1.6527e-003
2.3279e+000 1.6362e-003
2.3287e+000 1.6201e-003
2.3294e+000 1.6043e-003
2.3302e+000 1.5889e-003
2.3310e+000 1.5738e-003
2.3318e+000 1.5591e-003
2.3326e+000 1.5447e-003
2.3333e+000 1.5306e-003
2.3341e+000 1.5167e-003
2.3349e+000 1.5032e-003
2.3357e+000 1.4900e-003
2.3364e+000 1.4770e-003
2.3372e+000 1.4643e-003
2.3380e+000 1.4518e-003
2.3388e+000 1.4397e-003
2.3396e+000 1.4277e-003
2.3403e+000 1.4160e-003
2.3411e+000 1.4045e-003
2.3419e+000 1.3933e-003
2.3427e+000 1.3822e-003
2.3434e+000 1.3714e-003
2.3442e+000 1.3608e-003
2.3450e+000 1.3504e-003
2.3458e+000 1.3402e-003
2.3466e+000 1.3302e-003
2.3473e+000 1.3203e-003
2.3481e+000 1.3107e-003
2.3489e+000 1.3012e-003
2.3497e+000 1.2919e-003
2.3504e+000 1.2828e-003
2.3512e+000 1.2738e-003
2.3520e+000 1.2650e-003
2.3528e+000 1.2564e-003
2.3536e+000 1.2479e-003
2.3543e+000 1.2396e-003
2.3551e+000 1.2314e-003
2.3559e+000 1.2233e-003
2.3567e+000 1.2154e-003
2.3574e+000 1.2076e-003
2.3582e+000 1.2000e-003
2.3590e+000 1.1924e-003
2.3598e+000 1.1851e-003
2.3606e+000 1.1778e-003
2.3613e+000 1.1706e-003
2.3621e+000 1.1636e-003
2.3629e+000 1.1567e-003
2.3637e+000 1.1499e-003
2.3644e+000 1.1432e-003
2.3652e+000 1.1366e-003
2.3660e+000 1.1301e-003
2.3668e+000 1.1238e-003
2.3676e+000 1.1175e-003
2.3683e+000 1.1113e-003
2.3691e+000 1.1052e-003
2.3699e+000 1.0993e-003
2.3707e+000 1.0934e-003
2.3714e+000 1.0876e-003
2.3722e+000 1.0819e-003
2.3730e+000 1.0762e-003
2.3738e+000 1.0707e-003
2.3746e+000 1.0653e-003
2.3753e+000 1.0599e-003
2.3761e+000 1.0546e-003
2.3769e+000 1.0494e-003
2.3777e+000 1.0442e-003
2.3784e+000 1.0392e-003
2.3792e+000 1.0342e-003
2.3800e+000 1.0293e-003
2.3808e+000 1.0244e-003
2.3816e+000 1.0197e-003
2.3823e+000 1.0150e-003
2.3831e+000 1.0103e-003
2.3839e+000 1.0058e-003
2.3847e+000 1.0013e-003
2.3854e+000 9.9682e-004
2.3862e+000 9.9244e-004
2.3870e+000 9.8812e-004
2.3878e+000 9.8386e-004
2.3886e+000 9.7966e-004
2.3893e+000 9.7552e-004
2.3901e+000 9.7143e-004
2.3909e+000 9.6740e-004
2.3917e+000 9.6342e-004
2.3924e+000 9.5950e-004
2.3932e+000 9.5563e-004
2.3940e+000 9.5182e-004
2.3948e+000 9.4805e-004
2.3956e+000 9.4433e-004
2.3963e+000 9.4067e-004
2.3971e+000 9.3705e-004
2.3979e+000 9.3347e-004
2.3987e+000 9.2995e-004
2.3994e+000 9.2647e-004
2.4002e+000 9.2304e-004
2.4010e+000 9.1965e-004
2.4018e+000 9.1630e-004
2.4026e+000 9.1300e-004
2.4033e+000 9.0973e-004
2.4041e+000 9.0651e-004
2.4049e+000 9.0334e-004
2.4057e+000 9.0020e-004
2.4064e+000 8.9710e-004
2.4072e+000 8.9404e-004
2.4080e+000 8.9101e-004
2.4088e+000 8.8803e-004
2.4096e+000 8.8508e-004
2.4103e+000 8.8217e-004
2.4111e+000 8.7929e-004
2.4119e+000 8.7645e-004
2.4127e+000 8.7364e-004
2.4134e+000 8.7087e-004
2.4142e+000 8.6813e-004
2.4150e+000 8.6542e-004
2.4158e+000 8.6275e-004
2.4166e+000 8.6011e-004
2.4173e+000 8.5750e-004
2.4181e+000 8.5492e-004
2.4189e+000 8.5237e-004
2.4197e+000 8.4985e-004
2.4204e+000 8.4737e-004
2.4212e+000 8.4491e-004
2.4220e+000 8.4248e-004
2.4228e+000 8.4007e-004
2.4236e+000 8.3770e-004
2.4243e+000 8.3535e-004
2.4251e+000 8.3303e-004
2.4259e+000 8.3074e-004
2.4267e+000 8.2848e-004
2.4274e+000 8.2624e-004
2.4282e+000 8.2402e-004
2.4290e+000 8.2183e-004
2.4298e+000 8.1967e-004
2.4306e+000 8.1753e-004
2.4313e+000 8.1541e-004
2.4321e+000 8.1332e-004
2.4329e+000 8.1125e-004
2.4337e+000 8.0921e-004
2.4344e+000 8.0718e-004
2.4352e+000 8.0518e-004
2.4360e+000 8.0321e-004
2.4368e+000 8.0125e-004
2.4376e+000 7.9932e-004
2.4383e+000 7.9740e-004
2.4391e+000 7.9551e-004
2.4399e+000 7.9364e-004
2.4407e+000 7.9179e-004
2.4414e+000 7.8996e-004
2.4422e+000 7.8815e-004
2.4430e+000 7.8636e-004
2.4438e+000 7.8459e-004
2.4446e+000 7.8284e-004
2.4453e+000 7.8111e-004
2.4461e+000 7.7939e-004
2.4469e+000 7.7770e-004
2.4477e+000 7.7602e-004
2.4484e+000 7.7436e-004
2.4492e+000 7.7272e-004
2.4500e+000 7.7110e-004
2.4508e+000 7.6949e-004
2.4516e+000 7.6790e-004
2.4523e+000 7.6633e-004
2.4531e+000 7.6477e-004
2.4539e+000 7.6323e-004
2.4547e+000 7.6171e-004
2.4554e+000 7.6020e-004
2.4562e+000 7.5871e-004
2.4570e+000 7.5723e-004
2.4578e+000 7.5577e-004
2.4586e+000 7.5433e-004
2.4593e+000 7.5290e-004
2.4601e+000 7.5148e-004
2.4609e+000 7.5008e-004
2.4617e+000 7.4869e-004
2.4624e+000 7.4732e-004
2.4632e+000 7.4597e-004
2.4640e+000 7.4462e-004
2.4648e+000 7.4329e-004
2.4656e+000 7.4198e-004
2.4663e+000 7.4068e-004
2.4671e+000 7.3939e-004
2.4679e+000 7.3811e-004
2.4687e+000 7.3685e-004
2.4694e+000 7.3560e-004
2.4702e+000 7.3436e-004
2.4710e+000 7.3314e-004
2.4718e+000 7.3193e-004
2.4726e+000 7.3073e-004
2.4733e+000 7.2954e-004
2.4741e+000 7.2837e-004
2.4749e+000 7.2720e-004
2.4757e+000 7.2605e-004
2.4764e+000 7.2491e-004
2.4772e+000 7.2378e-004
2.4780e+000 7.2267e-004
2.4788e+000 7.2156e-004
2.4796e+000 7.2047e-004
2.4803e+000 7.1938e-004
2.4811e+000 7.1831e-004
2.4819e+000 7.1725e-004
2.4827e+000 7.1620e-004
2.4834e+000 7.1516e-004
2.4842e+000 7.1413e-004
2.4850e+000 7.1311e-004
2.4858e+000 7.1210e-004
2.4866e+000 7.1110e-004
2.4873e+000 7.1011e-004
2.4881e+000 7.0914e-004
2.4889e+000 7.0817e-004
2.4897e+000 7.0721e-004
2.4904e+000 7.0626e-004
2.4912e+000 7.0532e-004
2.4920e+000 7.0439e-004
2.4928e+000 7.0346e-004
2.4936e+000 7.0255e-004
2.4943e+000 7.0165e-004
2.4951e+000 7.0075e-004
2.4959e+000 6.9987e-004
2.4967e+000 6.9899e-004
2.4974e+000 6.9812e-004
2.4982e+000 6.9727e-004
2.4990e+000 6.9641e-004
2.4998e+000 6.9557e-004
2.5006e+000 6.9474e-004
2.5013e+000 6.9391e-004
2.5021e+000 6.9310e-004
2.5029e+000 6.9229e-004
2.5037e+000 6.9149e-004
2.5044e+000 6.9069e-004
2.5052e+000 6.8991e-004
2.5060e+000 6.8913e-004
2.5068e+000 6.8836e-004
2.5076e+000 6.8760e-004
2.5083e+000 6.8685e-004
2.5091e+000 6.8610e-004
2.5099e+000 6.8536e-004
2.5107e+000 6.8463e-004
2.5114e+000 6.8391e-004
2.5122e+000 6.8319e-004
2.5130e+000 6.8248e-004
2.5138e+000 6.8178e-004
2.5146e+000 6.8108e-004
2.5153e+000 6.8039e-004
2.5161e+000 6.7971e-004
2.5169e+000 6.7904e-004
2.5177e+000 6.7837e-004
2.5184e+000 6.7771e-004
2.5192e+000 6.7705e-004
2.5200e+000 6.7640e-004
2.5208e+000 6.7576e-004
2.5216e+000 6.7513e-004
2.5223e+000 6.7450e-004
2.5231e+000 6.7388e-004
2.5239e+000 6.7326e-004
2.5247e+000 6.7265e-004
2.5254e+000 6.7205e-004
2.5262e+000 6.7145e-004
2.5270e+000 6.7086e-004
2.5278e+000 6.7027e-004
2.5286e+000 6.6970e-004
2.5293e+000 6.6912e-004
2.5301e+000 6.6856e-004
2.5309e+000 6.6799e-004
2.5317e+000 6.6744e-004
2.5324e+000 6.6689e-004
2.5332e+000 6.6634e-004
2.5340e+000 6.6580e-004
2.5348e+000 6.6527e-004
2.5356e+000 6.6474e-004
2.5363e+000 6.6422e-004
2.5371e+000 6.6371e-004
2.5379e+000 6.6319e-004
2.5387e+000 6.6269e-004
2.5394e+000 6.6219e-004
2.5402e+000 6.6169e-004
2.5410e+000 6.6120e-004
2.5418e+000 6.6072e-004
2.5426e+000 6.6024e-004
2.5433e+000 6.5976e-004
2.5441e+000 6.5929e-004
2.5449e+000 6.5883e-004
2.5457e+000 6.5837e-004
2.5464e+000 6.5791e-004
2.5472e+000 6.5746e-004
2.5480e+000 6.5702e-004
2.5488e+000 6.5658e-004
2.5496e+000 6.5614e-004
2.5503e+000 6.5571e-004
2.5511e+000 6.5529e-004
2.5519e+000 6.5486e-004
2.5527e+000 6.5445e-004
2.5534e+000 6.5403e-004
2.5542e+000 6.5363e-004
2.5550e+000 6.5322e-004
2.5558e+000 6.5282e-004
2.5566e+000 6.5243e-004
2.5573e+000 6.5204e-004
2.5581e+000 6.5165e-004
2.5589e+000 6.5127e-004
2.5597e+000 6.5090e-004
2.5604e+000 6.5052e-004
2.5612e+000 6.5015e-004
2.5620e+000 6.4979e-004
2.5628e+000 6.4943e-004
2.5636e+000 6.4907e-004
2.5643e+000 6.4872e-004
2.5651e+000 6.4837e-004
2.5659e+000 6.4803e-004
2.5667e+000 6.4769e-004
2.5674e+000 6.4735e-004
2.5682e+000 6.4702e-004
2.5690e+000 6.4669e-004
2.5698e+000 6.4637e-004
2.5706e+000 6.4605e-004
2.5713e+000 6.4573e-004
2.5721e+000 6.4542e-004
2.5729e+000 6.4511e-004
2.5737e+000 6.4480e-004
2.5744e+000 6.4450e-004
2.5752e+000 6.4420e-004
2.5760e+000 6.4391e-004
2.5768e+000 6.4362e-004
2.5776e+000 6.4333e-004
2.5783e+000 6.4305e-004
2.5791e+000 6.4277e-004
2.5799e+000 6.4249e-004
2.5807e+000 6.4222e-004
2.5814e+000 6.4195e-004
2.5822e+000 6.4168e-004
2.5830e+000 6.4142e-004
2.5838e+000 6.4116e-004
2.5846e+000 6.4090e-004
2.5853e+000 6.4065e-004
2.5861e+000 6.4040e-004
2.5869e+000 6.4016e-004
2.5877e+000 6.3991e-004
2.5884e+000 6.3967e-004
2.5892e+000 6.3944e-004
2.5900e+000 6.3920e-004
2.5908e+000 6.3897e-004
2.5916e+000 6.3875e-004
2.5923e+000 6.3852e-004
2.5931e+000 6.3830e-004
2.5939e+000 6.3809e-004
2.5947e+000 6.3787e-004
2.5954e+000 6.3766e-004
2.5962e+000 6.3745e-004
2.5970e+000 6.3725e-004
2.5978e+000 6.3705e-004
2.5986e+000 6.3685e-004
2.5993e+000 6.3665e-004
2.6001e+000 6.3646e-004
2.6009e+000 6.3627e-004
2.6017e+000 6.3608e-004
2.6024e+000 6.3589e-004
2.6032e+000 6.3571e-004
2.6040e+000 6.3553e-004
2.6048e+000 6.3536e-004
2.6056e+000 6.3518e-004
2.6063e+000 6.3501e-004
2.6071e+000 6.3485e-004
2.6079e+000 6.3468e-004
2.6087e+000 6.3452e-004
2.6094e+000 6.3436e-004
2.6102e+000 6.3420e-004
2.6110e+000 6.3405e-004
2.6118e+000 6.3390e-004
2.6126e+000 6.3375e-004
2.6133e+000 6.3360e-004
2.6141e+000 6.3346e-004
2.6149e+000 6.3332e-004
2.6157e+000 6.3318e-004
2.6164e+000 6.3304e-004
2.6172e+000 6.3291e-004
2.6180e+000 6.3278e-004
2.6188e+000 6.3265e-004
2.6196e+000 6.3252e-004
2.6203e+000 6.3240e-004
2.6211e+000 6.3228e-004
2.6219e+000 6.3216e-004
2.6227e+000 6.3205e-004
2.6234e+000 6.3193e-004
2.6242e+000 6.3182e-004
2.6250e+000 6.3171e-004
2.6258e+000 6.3160e-004
2.6266e+000 6.3150e-004
2.6273e+000 6.3140e-004
2.6281e+000 6.3130e-004
2.6289e+000 6.3120e-004
2.6297e+000 6.3111e-004
2.6304e+000 6.3101e-004
2.6312e+000 6.3092e-004
2.6320e+000 6.3084e-004
2.6328e+000 6.3075e-004
2.6336e+000 6.3067e-004
2.6343e+000 6.3059e-004
2.6351e+000 6.3051e-004
2.6359e+000 6.3043e-004
2.6367e+000 6.3035e-004
2.6374e+000 6.3028e-004
2.6382e+000 6.3021e-004
2.6390e+000 6.3014e-004
2.6398e+000 6.3008e-004
2.6406e+000 6.3001e-004
2.6413e+000 6.2995e-004
2.6421e+000 6.2989e-004
2.6429e+000 6.2983e-004
2.6437e+000 6.2978e-004
2.6444e+000 6.2972e-004
2.6452e+000 6.2967e-004
2.6460e+000 6.2962e-004
2.6468e+000 6.2957e-004
2.6476e+000 6.2953e-004
2.6483e+000 6.2949e-004
2.6491e+000 6.2944e-004
2.6499e+000 6.2940e-004
2.6507e+000 6.2937e-004
2.6514e+000 6.2933e-004
2.6522e+000 6.2930e-004
2.6530e+000 6.2927e-004
2.6538e+000 6.2924e-004
2.6546e+000 6.2921e-004
2.6553e+000 6.2918e-004
2.6561e+000 6.2916e-004
2.6569e+000 6.2913e-004
2.6577e+000 6.2911e-004
2.6584e+000 6.2910e-004
2.6592e+000 6.2908e-004
2.6600e+000 6.2906e-004
2.6608e+000 6.2905e-004
2.6616e+000 6.2904e-004
2.6623e+000 6.2903e-004
2.6631e+000 6.2902e-004
2.6639e+000 6.2902e-004
2.6647e+000 6.2901e-004
2.6654e+000 6.2901e-004
2.6662e+000 6.2901e-004
2.6670e+000 6.2901e-004
2.6678e+000 6.2901e-004
2.6686e+000 6.2902e-004
2.6693e+000 6.2902e-004
2.6701e+000 6.2903e-004
2.6709e+000 6.2904e-004
2.6717e+000 6.2905e-004
2.6724e+000 6.2907e-004
2.6732e+000 6.2908e-004
2.6740e+000 6.2910e-004
2.6748e+000 6.2911e-004
2.6756e+000 6.2913e-004
2.6763e+000 6.2916e-004
2.6771e+000 6.2918e-004
2.6779e+000 6.2920e-004
2.6787e+000 6.2923e-004
2.6794e+000 6.2926e-004
2.6802e+000 6.2929e-004
2.6810e+000 6.2932e-004
2.6818e+000 6.2935e-004
2.6826e+000 6.2938e-004
2.6833e+000 6.2942e-004
2.6841e+000 6.2946e-004
2.6849e+000 6.2950e-004
2.6857e+000 6.2954e-004
2.6864e+000 6.2958e-004
2.6872e+000 6.2962e-004
2.6880e+000 6.2967e-004
2.6888e+000 6.2971e-004
2.6896e+000 6.2976e-004
2.6903e+000 6.2981e-004
2.6911e+000 6.2986e-004
2.6919e+000 6.2991e-004
2.6927e+000 6.2997e-004
2.6934e+000 6.3002e-004
2.6942e+000 6.3008e-004
2.6950e+000 6.3014e-004
2.6958e+000 6.3020e-004
2.6966e+000 6.3026e-004
2.6973e+000 6.3032e-004
2.6981e+000 6.3039e-004
2.6989e+000 6.3045e-004
2.6997e+000 6.3052e-004
2.7004e+000 6.3059e-004
2.7012e+000 6.3066e-004
2.7020e+000 6.3073e-004
2.7028e+000 6.3080e-004
2.7036e+000 6.3087e-004
2.7043e+000 6.3095e-004
2.7051e+000 6.3103e-004
2.7059e+000 6.3110e-004
2.7067e+000 6.3118e-004
2.7074e+000 6.3126e-004
2.7082e+000 6.3135e-004
2.7090e+000 6.3143e-004
2.7098e+000 6.3151e-004
2.7106e+000 6.3160e-004
2.7113e+000 6.3169e-004
2.7121e+000 6.3178e-004
2.7129e+000 6.3187e-004
2.7137e+000 6.3196e-004
2.7144e+000 6.3205e-004
2.7152e+000 6.3214e-004
2.7160e+000 6.3224e-004
2.7168e+000 6.3234e-004
2.7176e+000 6.3243e-004
2.7183e+000 6.3253e-004
2.7191e+000 6.3263e-004
2.7199e+000 6.3273e-004
2.7207e+000 6.3284e-004
2.7214e+000 6.3294e-004
2.7222e+000 6.3305e-004
