0.2     4.02034e-09     0.433898        4.00281e-09
0.21    1.70937e-08     0.432491        1.70062e-08
0.22    6.34975e-08     0.432245        6.31264e-08
0.23    2.09925e-07     0.430969        2.08643e-07
0.24    6.26614e-07     0.430753        6.22416e-07
0.25    1.70987e-06     0.430183        1.69669e-06
0.26    4.30491e-06     0.430953        4.26808e-06
0.27    1.01006e-05     0.4321  1.00093e-05
0.28    2.23021e-05     0.429424        2.20822e-05
0.29    4.64874e-05     0.429676        4.60255e-05
0.3     9.2136e-05      0.429499        9.11244e-05
0.31    0.000174582     0.428257        0.000172376
0.32    0.000316957     0.429948        0.000312803
0.33    0.000555423     0.427781        0.000548293
0.34    0.000939967     0.427071        0.000928648
0.35    0.00154067      0.427979        0.0015225
0.36    0.0024502       0.4305  0.00241996
0.37    0.00379991      0.431918        0.0037578
0.38    0.00576665      0.429002        0.00570658
0.39    0.00855095      0.428289        0.00846268
0.4     0.0123906       0.431615        0.0122494
0.41    0.0176837       0.42909 0.0174523
0.42    0.0247779       0.428266        0.0244484
0.43    0.0341689       0.427245        0.0337098
0.44    0.0464015       0.426762        0.0457055
0.45    0.0620191       0.428367        0.0610329
0.46    0.0819274       0.427874        0.080613
0.47    0.106916        0.426861        0.105056
0.48    0.137943        0.426348        0.135238
0.49    0.175937        0.427831        0.172235
0.5     0.222838        0.423138        0.217865
0.51    0.279378        0.42002 0.272843
0.52    0.345701        0.424032        0.33715
0.53    0.424916        0.423981        0.413883
0.54    0.518253        0.4236  0.504837
0.55    0.62777 0.422264        0.61166
0.56    0.753964        0.424092        0.734149
0.57    0.900912        0.423373        0.876502
0.58    1.07067 0.420704        1.0407
0.59    1.26189 0.42215 1.22665
0.6     1.48132 0.421508        1.43703
0.61    1.7288  0.420873        1.67456
0.62    2.00421 0.42247 1.93965
0.63    2.32015 0.418105        2.23973
0.64    2.66672 0.418878        2.56898
0.65    3.05484 0.418154        2.93677
0.66    3.49052 0.414705        3.3486
0.67    3.96098 0.415453        3.79754
0.68    4.48421 0.414798        4.29222
0.69    5.04584 0.416366        4.82549
0.7     5.66586 0.416269        5.41649
0.71    6.34946 0.414162        6.06715
0.72    7.07823 0.41555 6.75302
0.73    7.8775  0.413662        7.49345
0.74    8.74241 0.414088        8.28589
0.75    9.69603 0.410289        9.17532
0.76    10.7165 0.407828        10.1171
0.77    11.8118 0.405734        11.1103
0.78    12.9326 0.409649        12.1305
0.79    14.1761 0.408757        13.2487
0.8     15.545  0.403161        14.4904
0.81    16.9301 0.406107        15.7367
0.82    18.4927 0.39995 17.1318
0.83    20.0947 0.400476        18.5501
0.84    21.8362 0.397662        20.1085
0.85    23.5904 0.400236        21.6236
0.86    25.4989 0.3988  23.3258
0.87    27.5496 0.396297        25.131
0.88    29.7379 0.393186        27.0804
0.89    31.9579 0.394326        28.9871
0.9     34.3534 0.392662        31.0516
0.91    36.8378 0.392882        33.2148
0.92    39.5295 0.389308        35.5619
0.93    42.2874 0.389216        37.9512
0.94    45.1447 0.389494        40.4101
0.95    48.2093 0.387043        43.0029
0.96    51.3214 0.387725        45.6992
0.97    54.6635 0.385562        48.5107
0.98    58.1556 0.383401        51.4537
0.99    61.6863 0.384586        54.4867
1       65.6157 0.380069        57.8073
1.01    69.4697 0.381334        61.0633
1.02    73.4852 0.38257 64.3922
1.03    77.7595 0.380764        67.8285
1.04    82.1759 0.379464        71.4684
1.05    86.9771 0.375101        75.3237
1.06    91.8864 0.372498        79.158
1.07    96.8557 0.372212        83.0506
1.08    102.078 0.370137        87.0903
1.09    107.499 0.368765        91.4021
1.1     113.033 0.368578        95.9119
1.11    118.88  0.366422        100.497
1.12    124.875 0.366231        105.267
1.13    130.911 0.367234        109.919
1.14    137.572 0.362609        115.047
1.15    144.157 0.362884        120.034
1.16    151.228 0.358616        125.195
1.17    158.237 0.358319        130.15
1.18    165.75  0.355449        135.574
1.19    173.785 0.351624        141.177
1.2     181.704 0.350935        146.927
1.21    189.928 0.348764        152.58
1.22    198.539 0.345933        158.652
1.23    206.884 0.347192        164.432
1.24    216.28  0.342355        171.089
1.25    225.337 0.342494        177.289
1.26    235.233 0.338577        184.065
1.27    244.826 0.339535        190.452
1.28    255.246 0.335756        197.346
1.29    265.994 0.332877        204.168
1.3     276.678 0.333288        210.851
1.31    288.413 0.327924        218.043
1.32    300.049 0.32549 225.224
1.33    312.266 0.321901        232.771
1.34    324.469 0.321075        239.886
1.35    337.043 0.319391        247.734
1.36    350.203 0.317071        255.548
1.37    363.632 0.314722        263.378
1.38    377.09  0.314863        271.161
1.39    391.818 0.309349        280.16
1.4     406.884 0.305438        289.168
1.41    421.718 0.30524 297.694
1.42    435.892 0.307041        305.561
1.43    452.011 0.303883        315.18
1.44    468.368 0.300186        324.991
1.45    484.478 0.299953        334.28
1.46    501.559 0.298041        343.428
1.47    519.09  0.295093        352.603
1.48    536.956 0.293383        362.452
1.49    555.262 0.291055        371.535
1.5     574.66  0.287317        381.417
1.51    593.303 0.287236        390.33
1.52    613.832 0.282033        400.138
1.53    633.864 0.281655        409.831
1.54    655.436 0.277359        420.473
1.55    676.876 0.275068        430.154
1.56    698.259 0.274912        440.294
1.57    720.909 0.271988        450.693
1.58    744.009 0.268942        461.666
1.59    767.584 0.267018        473.14
1.6     791.448 0.26528 483.974
1.61    815.9   0.263184        495.885
1.62    840.637 0.262572        507.047
1.63    866.182 0.260024        518.928
1.64    891.214 0.260655        530.009
1.65    919.195 0.254939        542.06
1.66    946.104 0.254641        552.7
1.67    974.103 0.251922        563.927
1.68    1003.14 0.248005        574.131
1.69    1032.44 0.245775        585.451
1.7     1062.03 0.244015        596.265
1.71    1092.96 0.240639        607.46
1.72    1123.97 0.23889 620.015
1.73    1155.19 0.237556        632.401
1.74    1187.59 0.234762        644.998
1.75    1219.58 0.235348        657.451
1.76    1252.73 0.233048        671.332
1.77    1287.21 0.23086 684.619
1.78    1322.08 0.228369        699.189
1.79    1356.09 0.229209        711.414
1.8     1393.08 0.225305        725.268
1.81    1428.44 0.225618        738.805
1.82    1466.44 0.22243 754.31
1.83    1504.18 0.220936        767.299
1.84    1542.27 0.220491        780.881
1.85    1580.78 0.219759        793.14
1.86    1621.78 0.216235        806.999
1.87    1662.63 0.213778        820.618
1.88    1704.57 0.211688        833.756
1.89    1746.67 0.209848        846.428
1.9     1789.34 0.20867 861.295
1.91    1832.9  0.207009        877.36
1.92    1877.07 0.205969        893.51
1.93    1920.48 0.206361        909.468
1.94    1965.5  0.205647        926.495
1.95    2012.13 0.203601        943.239
1.96    2058.76 0.202402        960.506
1.97    2105.87 0.202032        976.316
1.98    2154.76 0.199098        992.343
1.99    2203.36 0.199183        1007.84
2       2253.27 0.197463        1024.39
2.01    2303.78 0.196278        1040.4
2.02    2356.01 0.194099        1058.9
2.03    2407.34 0.193932        1074.39
2.04    2459.85 0.192852        1091.02
2.05    2513.37 0.192539        1107.67
2.06    2568.58 0.189611        1125.75
2.07    2623.55 0.189057        1142.05
2.08    2680    0.187702        1158.31
2.09    2736.81 0.186699        1174.27
2.1     2794.9  0.184902        1192.06
2.11    2853.97 0.183418        1209.52
2.12    2912.55 0.182991        1226.73
2.13    2972.35 0.181853        1245.04
2.14    3033.6  0.180824        1265.02
2.15    3095.11 0.179748        1285.8
2.16    3156.74 0.179666        1306.86
2.17    3219.61 0.179213        1327.9
2.18    3282.74 0.178637        1348.43
2.19    3347.32 0.178615        1369.74
2.2     3412.7  0.177143        1390.51
2.21    3479.76 0.175718        1411
2.22    3547.21 0.175011        1433.45
2.23    3614.79 0.174343        1453.45
2.24    3684.4  0.173239        1474.45
2.25    3752.34 0.174438        1495.72
2.26    3823.54 0.172472        1518.48
2.27    3895.78 0.171376        1541.49
2.28    3967.56 0.17092 1564.32
2.29    4039.96 0.170544        1584.41
2.3     4114.42 0.169905        1608.6
2.31    4189.69 0.168976        1632.91
2.32    4265.21 0.168068        1657.39
2.33    4340.67 0.168774        1680.8
2.34    4418.69 0.167658        1706.51
2.35    4495.9  0.167392        1731.5
2.36    4576.8  0.166406        1757.78
2.37    4655.38 0.166805        1781.22
2.38    4736.43 0.165713        1806.06
2.39    4819.11 0.16483 1829.87
2.4     4901.65 0.16437 1852.72
2.41    4985.42 0.163701        1875.67
2.42    5071.39 0.162519        1899.22
2.43    5158.09 0.161143        1923.57
2.44    5243.42 0.161493        1948.29
2.45    5331    0.160439        1973.73
2.46    5419.46 0.160043        1999.67
2.47    5507.92 0.160257        2027.19
2.48    5598.08 0.159646        2053.83
2.49    5689.85 0.158702        2081.45
2.5     5781.62 0.158316        2108.34
2.51    5874.85 0.15794 2134.14
2.52    5968.67 0.157204        2160.66
2.53    6064.18 0.15653 2189.92
2.54    6160.65 0.156015        2218.62
2.55    6256.54 0.155796        2248.38
2.56    6352.86 0.156037        2277.4
2.57    6452.42 0.155286        2308.38
2.58    6550.75 0.155623        2338.42
2.59    6652.93 0.154527        2372.65
2.6     6753.37 0.154309        2402.71
2.61    6856.32 0.153633        2437.33
2.62    6958.13 0.154768        2467.53
2.63    7063.64 0.153446        2499.7
2.64    7166.67 0.154398        2531.03
2.65    7273.61 0.153   2564.95
2.66    7382.68 0.152269        2600.18
2.67    7489.95 0.152136        2633.97
2.68    7598.57 0.152024        2665.96
2.69    7707.48 0.153436        2700.33
2.7     7818.92 0.151827        2736.02
2.71    7930.91 0.151914        2770.52
2.72    8044.1  0.151483        2804.01
2.73    8158.04 0.150968        2832.44
2.74    8273.54 0.15034 2863.99
2.75    8391.34 0.149736        2894.6
2.76    8509.09 0.149232        2927.59
2.77    8627.57 0.148682        2960.18
2.78    8747.99 0.148231        2996.53
2.79    8867.06 0.148758        3031.97
2.8     8987.73 0.148088        3071.24
2.81    9109.09 0.148615        3109.06
2.82    9232.91 0.147902        3147.13
2.83    9356.51 0.148557        3183.86
2.84    9482.5  0.147464        3220.97
2.85    9609.67 0.146852        3255.14
2.86    9736.85 0.147001        3289.67
2.87    9866.09 0.146241        3321.15
2.88    9996.05 0.145762        3356.07
2.89    10127.7 0.145232        3393.29
2.9     10259.7 0.144803        3427.92
2.91    10391.8 0.144778        3463.61
2.92    10525.3 0.144755        3499.67
2.93    10660.8 0.144161        3536.55
2.94    10796.8 0.143764        3573.52
2.95    10934.6 0.143325        3609.66
2.96    11072.8 0.14291 3646.8
2.97    11213.3 0.142505        3688.43
2.98    11352.8 0.142145        3727.75
2.99    11493   0.142424        3767.26
3       11635.1 0.142909        3807.08
3.01    11778.8 0.142006        3847.03
3.02    11922.8 0.141592        3888.71
3.03    12070.3 0.141146        3928.67
3.04    12217.9 0.140685        3964.89
3.05    12362.2 0.140779        4001.66
3.06    12512.4 0.140368        4040.05
3.07    12664.7 0.139968        4079.73
3.08    12815.4 0.139536        4119.2
3.09    12966.8 0.139108        4156.72
3.1     13119.8 0.138866        4194.72
3.11    13276.3 0.138531        4234.19
3.12    13431.9 0.138161        4273.88
3.13    13588.5 0.137814        4314.27
3.14    13745.5 0.137546        4353.82
3.15    13905.9 0.137289        4394.55
3.16    14064   0.136996        4434.79
3.17    14227.1 0.13659 4476.63
3.18    14387.9 0.136327        4517.2
3.19    14551.1 0.136059        4558.14
3.2     14714.9 0.135764        4599.4
3.21    14882.4 0.135429        4642.19
3.22    15047.5 0.135135        4683.69
3.23    15215.5 0.134921        4725.89
3.24    15384.5 0.134632        4768.2
3.25    15553.9 0.134313        4814.21
3.26    15725.4 0.134042        4862.39
3.27    15896.2 0.133752        4912.37
3.28    16070   0.134157        4964.36
3.29    16240.5 0.134188        5014.78
3.3     16415.4 0.13438 5068.93
3.31    16590.3 0.134305        5121.5
3.32    16768.2 0.133891        5170.51
3.33    16945.9 0.134068        5217.46
3.34    17126.7 0.133493        5262.15
3.35    17306.8 0.13308 5305.02
3.36    17488.9 0.132782        5351.02
3.37    17673.8 0.132436        5394.5
3.38    17857.6 0.132112        5438.84
3.39    18043.2 0.132188        5484.03
3.4     18227   0.131812        5528.27
3.41    18417.4 0.131495        5574.36
3.42    18605.1 0.13117 5619.65
3.43    18796.9 0.13084 5664.23
3.44    18986.7 0.130514        5708.4
3.45    19179   0.130229        5753.31
3.46    19373.6 0.130025        5798.76
3.47    19567.4 0.12973 5844.14
3.48    19763.4 0.129448        5890.55
3.49    19959.2 0.129142        5937.13
3.5     20158.2 0.128878        5983.75
3.51    20357   0.12865 6030.32
3.52    20556.4 0.128433        6077.08
3.53    20760   0.128132        6125.35
3.54    20959.8 0.12787 6172.44
3.55    21163.7 0.127625        6220.36
3.56    21369.9 0.127397        6268.35
3.57    21575.3 0.127157        6322.05
3.58    21783.5 0.126909        6374.4
3.59    21989.6 0.126636        6425.25
3.6     22194.7 0.127212        6475.35
3.61    22406.6 0.126661        6527.15
3.62    22618.2 0.126318        6578.66
3.63    22833.1 0.126052        6630.94
3.64    23045.2 0.125797        6675.72
3.65    23259.9 0.125546        6723.53
3.66    23475   0.125274        6772.09
3.67    23691.1 0.124994        6820.88
3.68    23914.1 0.124779        6871.38
3.69    24132.2 0.124555        6920.29
3.7     24352.6 0.124315        6969.96
3.71    24574.7 0.124056        7020.41
3.72    24795.1 0.123812        7069.8
3.73    25021.2 0.123586        7120.84
3.74    25246.6 0.123369        7171.31
3.75    25471.8 0.123117        7221.65
3.76    25702.5 0.122924        7273.56
3.77    25928   0.122666        7336.18
3.78    26156.8 0.12243 7391.26
3.79    26388.4 0.122216        7446.42
3.8     26615.3 0.123446        7499.16
3.81    26851.6 0.122248        7554.72
3.82    27089.8 0.12193 7610.65
3.83    27321.8 0.121634        7664.01
3.84    27555.1 0.121417        7704.05
3.85    27794.3 0.121189        7754.18
3.86    28034.2 0.1209  7805.49
3.87    28276.9 0.120644        7857.83
3.88    28518.2 0.120418        7909.04
3.89    28757.4 0.120235        7959.7
3.9     28999.1 0.119997        8011
3.91    29245.2 0.119728        8063.87
3.92    29490.7 0.119533        8116.57
3.93    29737.9 0.119262        8169.07
3.94    29986.6 0.119074        8222.01
3.95    30238.4 0.118871        8281.65
3.96    30482   0.118648        8337.04
3.97    30737.8 0.118438        8395.89
3.98    30984.3 0.118782        8451.86
3.99    31240.6 0.118404        8509.26
4       31494.1 0.118162        8576.12
4.01    31753.4 0.11796 8639.65
4.02    32008.6 0.117651        8694.45
4.03    32262.1 0.118439        8749.34
4.04    32521.1 0.117761        8805.81
4.05    32783.5 0.117391        8862.37
4.06    33042.9 0.117085        8919.06
4.07    33306.9 0.116877        8965.5
4.08    33572.2 0.116617        9016.7
4.09    33838.1 0.116413        9068.89
4.1     34103.2 0.116175        9129.11
4.11    34368.6 0.115929        9187.45
4.12    34637.4 0.115666        9246.19
4.13    34901.1 0.11612 9302.69
4.14    35175.3 0.115752        9361.2
4.15    35447.6 0.115465        9418.81
4.16    35724.3 0.115204        9478.06
4.17    35995   0.114914        9527.63
4.18    36267.1 0.114656        9579.42
4.19    36545.4 0.114451        9633.2
4.2     36820.9 0.11424 9686.17
4.21    37102.4 0.114056        9741.41
4.22    37383.3 0.113825        9796.56
4.23    37666.8 0.113581        9852.05
4.24    37945.1 0.113373        9906
4.25    38225.8 0.113144        9960.15
4.26    38511.9 0.112935        10016.1
4.27    38793.8 0.11273 10071.5
4.28    39081.6 0.112534        10127.6
4.29    39372.6 0.112357        10184.9
4.3     39661.5 0.112175        10241
4.31    39951   0.111925        10296.8
4.32    40240.4 0.111749        10352.4
4.33    40533   0.111507        10408.8
4.34    40823.6 0.111289        10464.9
4.35    41115.1 0.111093        10521.3
4.36    41414.9 0.110947        10578.6
4.37    41712.9 0.110794        10635.6
4.38    42011.1 0.110566        10692.6
4.39    42306.7 0.110327        10749.6
4.4     42609.6 0.110112        10807.4
4.41    42907.4 0.109913        10864
4.42    43204.6 0.109782        10920.2
4.43    43510.1 0.109585        10978.2
4.44    43821.9 0.109451        11038
4.45    44128.8 0.109222        11096.6
4.46    44433.4 0.108986        11153.6
4.47    44736.7 0.108799        11209.8
4.48    45045   0.108627        11267.2
4.49    45350.5 0.108441        11324.5
4.5     45664.9 0.108231        11384.2
4.51    45979.6 0.108111        11442.7
4.52    46292.4 0.10794 11501
4.53    46608.9 0.107736        11559.2
4.54    46922.6 0.107478        11617.1
4.55    47237.5 0.107342        11675
4.56    47554.3 0.107108        11733.2
4.57    47870.7 0.106942        11790.6
4.58    48194.2 0.106819        11850.1
4.59    48514.2 0.106656        11908.3
4.6     48839.5 0.106427        11968.3
4.61    49162.9 0.106204        12027.6
4.62    49482.5 0.10606 12085.1
4.63    49810.1 0.105871        12144
4.64    50133.3 0.105706        12202.6
4.65    50461.9 0.105547        12262.5
4.66    50792.6 0.10537 12322.2
4.67    51121.3 0.105201        12381.5
4.68    51452.2 0.104994        12440.7
4.69    51785.6 0.104823        12500.6
4.7     52116   0.104656        12559.9
4.71    52453.7 0.104469        12619.9
4.72    52783.4 0.104335        12678
4.73    53124.2 0.104174        12739.1
4.74    53463.3 0.103961        12799.6
4.75    53796.5 0.103775        12858
4.76    54137.8 0.103632        12918.1
4.77    54475.7 0.103472        12976.9
4.78    54821.3 0.103263        13037.7
4.79    55161.2 0.103129        13096.7
4.8     55508.1 0.102955        13156.6
4.81    55859.4 0.102769        13217.9
4.82    56199.3 0.102571        13277.7
4.83    56543.2 0.102402        13336.8
4.84    56888.8 0.102273        13396
4.85    57235.3 0.102149        13455.4
4.86    57596.6 0.101941        13519
4.87    57944   0.101758        13578.6
4.88    58298.2 0.101592        13638.6
4.89    58654.6 0.101447        13699
4.9     59006.7 0.101249        13758.6
4.91    59359.6 0.101071        13818.5
4.92    59711.2 0.10096 13878
4.93    60073   0.100774        13939.7
4.94    60437.4 0.10061 14002.1
4.95    60797   0.100459        14062.3
4.96    61153.2 0.100313        14121.1
4.97    61519.4 0.100131        14182.5
4.98    61881.7 0.0999203       14243.2
4.99    62246.1 0.0997859       14303.5
5       62609.7 0.0996265       14364.4
5.01    62975.1 0.0994905       14425.1
5.02    63344.5 0.0993095       14486.8
5.03    63716.7 0.0992129       14548.5
5.04    64085.1 0.0990142       14608.7
5.05    64455.2 0.0988204       14669.2
5.06    64822.7 0.0986652       14728.5
5.07    65197.5 0.0984913       14788.5
5.08    65579.8 0.0983667       14851.8
5.09    65947.8 0.098168        14912
5.1     66322   0.0980406       14972.8
5.11    66698.8 0.0979265       15034.9
5.12    67082   0.0977562       15097.2
5.13    67461.1 0.0975741       15158.3
5.14    67837.6 0.0974429       15218.4
5.15    68220   0.097274        15278.9
5.16    68605   0.0970782       15340.4
5.17    68987.9 0.0969436       15402
5.18    69369.1 0.0967976       15462.7
5.19    69752.8 0.0966606       15523.6
5.2     70143   0.0965172       15587
5.21    70526.6 0.0963745       15647.7
5.22    70922.4 0.0961979       15709.7
5.23    71306.9 0.0960633       15769
5.24    71701.9 0.0958847       15830.7
5.25    72096.4 0.0956919       15892.4
5.26    72485.9 0.0955567       15953.5
5.27    72879.8 0.0954308       16015.2
5.28    73269.5 0.0953046       16076
5.29    73668.2 0.09516 16139.1
5.3     74063.7 0.0950183       16200.8
5.31    74464.5 0.0948561       16262.3
5.32    74870   0.0946853       16324.2
5.33    75264.3 0.0945333       16384.6
5.34    75668.5 0.0943604       16446.5
5.35    76077   0.0942234       16509.4
5.36    76470.8 0.0941253       16570
5.37    76869.1 0.0939708       16631.2
5.38    77279.2 0.0938215       16694.9
5.39    77682.4 0.0936977       16757.2
5.4     78098.8 0.0935419       16819.7
5.41    78508   0.093376        16880.6
5.42    78906.6 0.0932517       16939.5
5.43    79326.5 0.0930626       17002.3
5.44    79736.1 0.0929173       17062.8
5.45    80151.3 0.0927861       17124.7
5.46    80562.2 0.0926508       17185.6
5.47    80972   0.0925005       17246.9
5.48    81389.9 0.0923542       17310.4
5.49    81807.1 0.0922375       17372.9
5.5     82232.2 0.09208 17435.9
5.51    82641.1 0.0919676       17495.7
5.52    83066.7 0.0918098       17559.1
5.53    83488.3 0.0916421       17620.2
5.54    83904.2 0.0915108       17680.5
5.55    84331.4 0.0913787       17742.9
5.56    84755.8 0.0912149       17804.8
5.57    85179.5 0.091085        17867
5.58    85598.3 0.0909719       17926.6
5.59    86034   0.0908293       17989.9
5.6     86460.9 0.0906827       18053
5.61    86891.7 0.0905088       18116.1
5.62    87324   0.0903916       18177.5
5.63    87749.4 0.0902929       18237.5
5.64    88174.7 0.0901478       18298.2
5.65    88612.7 0.0899715       18361.3
5.66    89047.5 0.0898386       18423.8
5.67    89481.7 0.0897272       18483.1
5.68    89923   0.0895557       18544.2
5.69    90359.2 0.0894502       18606
5.7     90799.5 0.0892545       18668.9
5.71    91233.5 0.0891323       18728.8
5.72    91674.6 0.0890248       18792.4
5.73    92120.6 0.0889094       18855.7
5.74    92554.1 0.0887484       18916.7
5.75    92998.4 0.0886636       18979.2
5.76    93442.2 0.088521        19039.7
5.77    93889.9 0.0883442       19101.2
5.78    94342.9 0.0882076       19163.9
5.79    94783   0.0880479       19222.3
5.8     95228.2 0.0879448       19282.6
5.81    95684.4 0.0878005       19347.5
5.82    96126.5 0.0876697       19409.4
5.83    96570.2 0.0875611       19471.6
5.84    97028.6 0.087472        19534.8
5.85    97478.8 0.0873401       19596
5.86    97944.4 0.0871836       19659.9
5.87    98402   0.0870307       19722
5.88    98860.9 0.0868819       19782.7
5.89    99311   0.0867481       19841.9
5.9     99767.6 0.08664 19903.1
5.91    100226  0.0865131       19964
5.92    100684  0.0863947       20025.4
5.93    101134  0.0862668       20085.7
5.94    101594  0.0861058       20147
5.95    102063  0.0859786       20209.6
5.96    102526  0.085873        20270.1
5.97    103000  0.0857417       20331.8
5.98    103479  0.0856063       20397.2
5.99    103940  0.0854695       20458.3
6       104400  0.0853228       20519.3
6.01    104876  0.0852477       20583.1
6.02    105333  0.0851111       20642.1
6.03    105797  0.0850077       20702.4
6.04    106276  0.0848828       20765.1
6.05    106741  0.084717        20822.6
6.06    107213  0.0845895       20881.7
6.07    107691  0.0844339       20941.6
6.08    108178  0.0843024       21005.1
6.09    108669  0.0841738       21071.2
6.1     109135  0.0840727       21133.5
6.11    109602  0.0840071       21195.8
6.12    110085  0.0838988       21259.8
6.13    110561  0.0838071       21321.7
6.14    111042  0.0836525       21382.5
6.15    111529  0.0834888       21440.8
6.16    112004  0.0833494       21496.6
6.17    112488  0.0831987       21553.5
6.18    112978  0.0830382       21615.2
6.19    113465  0.0829333       21676.9
6.2     113956  0.082836        21741.1
6.21    114444  0.0827856       21804.7
6.22    114925  0.0826451       21868.8
6.23    115413  0.0825629       21931.4
6.24    115917  0.082415        21995.8
6.25    116403  0.0823083       22053
6.26    116888  0.0821351       22111.2
6.27    117385  0.0820164       22170.1
6.28    117883  0.0818698       22229.8
6.29    118365  0.0817658       22286.1
6.3     118872  0.0816562       22349.4
6.31    119370  0.0815304       22409.9
6.32    119862  0.0814195       22470.7
6.33    120373  0.0813138       22534.7
6.34    120864  0.0811713       22596.1
6.35    121371  0.0810664       22659.7
6.36    121870  0.0809648       22720
6.37    122372  0.0808871       22780.5
6.38    122882  0.0807504       22842
6.39    123375  0.0805984       22898.8
6.4     123879  0.0804925       22957
6.41    124384  0.080344        23014.2
6.42    124904  0.0802053       23075.9
6.43    125416  0.0801001       23137
6.44    125913  0.0800006       23194.9
6.45    126426  0.0799044       23257.8
6.46    126942  0.0797927       23321.7
6.47    127457  0.0796728       23385.9
6.48    127959  0.0795839       23446.8
6.49    128479  0.0794631       23508.4
6.5     128995  0.0793755       23567.3
6.51    129503  0.0792587       23624.3
6.52    130023  0.0791059       23683
6.53    130542  0.0789562       23740.2
6.54    131072  0.078834        23800.9
6.55    131576  0.0787392       23855.9
6.56    132087  0.078591        23914.6
6.57    132618  0.0785497       23979
6.58    133150  0.078413        24044.2
6.59    133663  0.0783244       24105
6.6     134188  0.0782297       24168.6
6.61    134716  0.0781264       24227.4
6.62    135242  0.0780167       24288
6.63    135776  0.0778865       24347.9
6.64    136303  0.0777312       24405.8
6.65    136821  0.0776451       24460
6.66    137348  0.0775215       24517.4
6.67    137875  0.0774099       24574.4
6.68    138412  0.0772733       24636.3
6.69    138928  0.0771983       24693.7
6.7     139474  0.0770715       24757.3
6.71    140019  0.0769894       24819.9
6.72    140539  0.0768911       24878.8
6.73    141083  0.0767912       24939.9
6.74    141630  0.076669        25003.1
6.75    142161  0.0765539       25061.6
6.76    142704  0.076441        25121.9
6.77    143235  0.0763532       25178.8
6.78    143764  0.0762351       25234.5
6.79    144310  0.0761348       25293.4
6.8     144853  0.0760142       25352.2
6.81    145385  0.0758793       25406.6
6.82    145929  0.0757774       25465.2
6.83    146471  0.0756799       25523.6
6.84    147022  0.0755403       25584.5
6.85    147575  0.0754781       25645.8
6.86    148125  0.0753811       25706.4
6.87    148687  0.0752895       25767.6
6.88    149225  0.0751594       25826.5
6.89    149782  0.0750592       25887
6.9     150323  0.0749366       25944.5
6.91    150869  0.0748429       26001.7
6.92    151423  0.0747493       26058.4
6.93    151970  0.0746539       26114.2
6.94    152529  0.0745394       26172.4
6.95    153080  0.0743835       26230.2
6.96    153625  0.0742931       26286.8
6.97    154179  0.0741808       26344
6.98    154741  0.0741151       26404.2
6.99    155324  0.0740201       26469.7
7       155859  0.0739118       26524.9
7.01    156441  0.0738365       26588
7.02    157007  0.0737177       26644.5
7.03    157563  0.0735925       26699.7
7.04    158105  0.0734826       26753.8
7.05    158677  0.0733452       26813.2
7.06    159234  0.0732655       26869.4
7.07    159806  0.0731837       26928.8
7.08    160368  0.0731201       26987.2
7.09    160929  0.0729962       27047.8
7.1     161493  0.0728873       27106.8
7.11    162058  0.0727943       27165.1
7.12    162633  0.072703        27220.5
7.13    163206  0.0725933       27277.3
7.14    163784  0.0724979       27335.6
7.15    164363  0.0723556       27392.6
7.16    164940  0.0722661       27449.7
7.17    165503  0.0721756       27503.4
7.18    166083  0.0720646       27561.4
7.19    166647  0.0719832       27620.9
7.2     167216  0.0718567       27677.9
7.21    167784  0.0717954       27734.6
7.22    168364  0.071732        27793.6
7.23    168956  0.0715878       27854.2
7.24    169532  0.0715009       27913.4
7.25    170108  0.071397        27970
7.26    170694  0.0713164       28025.2
7.27    171272  0.0712167       28082.1
7.28    171858  0.07111 28137.7
7.29    172446  0.0710015       28195.3
7.3     173020  0.0709108       28248.2
7.31    173605  0.0707863       28304.2
7.32    174191  0.0707148       28361.4
7.33    174781  0.0705983       28416.4
7.34    175350  0.070524        28468.8
7.35    175952  0.0704401       28528.9
7.36    176537  0.0702893       28585
7.37    177126  0.0702144       28644.4
7.38    177713  0.0701346       28702.5
7.39    178318  0.0700494       28761.8
7.4     178906  0.0699787       28821.1
7.41    179498  0.0698968       28878.3
7.42    180095  0.0697825       28935.5
7.43    180692  0.0696873       28990.8
7.44    181286  0.0695663       29042.3
7.45    181869  0.0694792       29092.2
7.46    182473  0.0693661       29146
7.47    183060  0.0692429       29199.4
7.48    183667  0.0691698       29258.1
7.49    184252  0.0690708       29310.9
7.5     184848  0.0690181       29366.1
7.51    185452  0.0689339       29425.7
7.52    186055  0.0688126       29486.5
7.53    186690  0.0687145       29551.7
7.54    187276  0.0686466       29604.6
7.55    187874  0.0686008       29657.9
7.56    188481  0.0684928       29714.1
7.57    189085  0.0683721       29769
7.58    189700  0.0682655       29825.2
7.59    190302  0.0681751       29875
7.6     190912  0.0680653       29926.8
7.61    191511  0.0679949       29978.6
7.62    192119  0.0678861       30033.5
7.63    192725  0.0677935       30089
7.64    193328  0.0677011       30144.3
7.65    193943  0.0676298       30200.6
7.66    194545  0.0675553       30256.5
7.67    195168  0.0674563       30315.7
7.68    195785  0.0673747       30374
7.69    196403  0.0672933       30429.5
7.7     197043  0.0672058       30484.3
7.71    197650  0.0671181       30533.1
7.72    198259  0.0670059       30583.4
7.73    198874  0.0668701       30635.4
7.74    199484  0.0667624       30688
7.75    200107  0.0667028       30742.8
7.76    200714  0.066638        30796.3
7.77    201341  0.0665753       30856.2
7.78    201958  0.0664939       30913.7
7.79    202564  0.0664057       30967.8
7.8     203202  0.0663206       31025.7
7.81    203834  0.0662055       31082
7.82    204452  0.066123        31134.1
7.83    205065  0.0660451       31183.1
7.84    205695  0.0659763       31236.8
7.85    206344  0.0658663       31293.8
7.86    206979  0.0657487       31346.9
7.87    207610  0.0656972       31398.6
7.88    208235  0.0655941       31449.7
7.89    208850  0.0654881       31500.2
7.9     209467  0.0654038       31553.3
7.91    210092  0.065342        31606
7.92    210711  0.0652492       31659.6
7.93    211348  0.0651691       31716.5
7.94    211979  0.0650959       31772.6
7.95    212627  0.0650265       31829.5
7.96    213271  0.0649278       31886.4
7.97    213903  0.0648522       31940.5
7.98    214527  0.0647657       31991.5
7.99    215165  0.0646856       32043
8       215803  0.064595        32096
8.01    216455  0.0644981       32149.5
8.02    217120  0.0644112       32203.3
8.03    217737  0.0643352       32251.6
8.04    218368  0.0642409       32300.3
8.05    219006  0.0641381       32351.7
8.06    219644  0.0640808       32401.8
8.07    220273  0.0639714       32449
8.08    220913  0.0639031       32498.3
8.09    221535  0.0638003       32548.3
8.1     222195  0.063705        32603.6
8.11    222851  0.0636217       32661.6
8.12    223482  0.0635685       32713.9
8.13    224136  0.0635112       32771.4
8.14    224805  0.0634489       32832.6
8.15    225445  0.063357        32888
8.16    226096  0.0632829       32939.5
8.17    226758  0.0632086       32991.9
8.18    227412  0.063108        33040.8
8.19    228069  0.0629837       33091.2
8.2     228706  0.0629219       33138.5
8.21    229339  0.0628292       33184.2
8.22    229980  0.0627575       33233.1
8.23    230627  0.0626834       33284.8
8.24    231272  0.0625989       33334.5
8.25    231928  0.0625274       33385
8.26    232588  0.0624316       33436.5
8.27    233228  0.0623524       33485.3
8.28    233888  0.0622515       33539.2
8.29    234557  0.0621898       33593
8.3     235204  0.0621193       33643.6
8.31    235881  0.0620678       33698.6
8.32    236562  0.0619814       33753.8
8.33    237228  0.0618873       33807.9
8.34    237878  0.061815        33859.2
8.35    238550  0.0617086       33910.7
8.36    239222  0.0616676       33962.2
8.37    239868  0.0615892       34010.4
8.38    240532  0.0615051       34060
8.39    241170  0.0614237       34107.2
8.4     241797  0.0613341       34150.8
8.41    242483  0.0612527       34202.9
8.42    243146  0.061164        34252.3
8.43    243827  0.0611017       34301.6
8.44    244473  0.0610274       34348.6
8.45    245142  0.0609534       34397.9
8.46    245810  0.0608431       34446.5
8.47    246489  0.0607869       34496.7
8.48    247164  0.0606989       34546.4
8.49    247847  0.0606076       34597.8
8.5     248520  0.0605462       34650.8
8.51    249207  0.0604767       34706.9
8.52    249868  0.0604136       34761.2
8.53    250536  0.0603414       34816.1
8.54    251206  0.0603038       34867.9
8.55    251874  0.0602396       34919
8.56    252556  0.0601447       34968
8.57    253223  0.0600481       35015.5
8.58    253874  0.0599737       35055.1
8.59    254534  0.0598645       35096.1
8.6     255204  0.0598025       35140.2
8.61    255909  0.059702        35191.7
8.62    256571  0.0596393       35235.2
8.63    257263  0.0595693       35284
8.64    257939  0.0595063       35331
8.65    258627  0.0594118       35382.4
8.66    259306  0.0593177       35434
8.67    259995  0.0592638       35488.7
8.68    260678  0.0591979       35541.8
8.69    261344  0.0591556       35592.5
8.7     262040  0.0591086       35648.2
8.71    262724  0.0590386       35701.6
8.72    263410  0.0589446       35754.8
8.73    264093  0.0588649       35801.7
8.74    264784  0.058804        35845.1
8.75    265469  0.0587364       35887.1
8.76    266144  0.0586282       35927.5
8.77    266810  0.0585305       35969.4
8.78    267507  0.0584585       36015.1
8.79    268186  0.0583634       36058.9
8.8     268867  0.0583185       36107.8
8.81    269556  0.0582552       36158.4
8.82    270244  0.0581957       36208.1
8.83    270959  0.0581464       36266.2
8.84    271637  0.0580586       36315.7
8.85    272347  0.0579785       36366.4
8.86    273017  0.0579407       36411
8.87    273720  0.0578561       36459.3
8.88    274409  0.0577622       36507.1
8.89    275101  0.0576962       36554.1
8.9     275799  0.0576417       36596.6
8.91    276504  0.0575708       36641.6
8.92    277211  0.0574814       36692.2
8.93    277902  0.0573863       36739.1
8.94    278605  0.0573236       36784.6
8.95    279291  0.0572889       36826.5
8.96    279964  0.0572076       36869
8.97    280660  0.057124        36917.6
8.98    281346  0.0570415       36966.6
8.99    282050  0.056979        37012.7
9       282730  0.0569203       37059.2
9.01    283438  0.0568788       37108.3
9.02    284154  0.0567885       37159.8
9.03    284869  0.0567467       37211.6
9.04    285561  0.0566559       37259.1
9.05    286284  0.0565902       37303.7
9.06    286978  0.0565332       37345.2
9.07    287665  0.0564648       37382.6
9.08    288382  0.0563506       37425.8
9.09    289082  0.0562694       37467.3
9.1     289776  0.0561971       37510.1
9.11    290507  0.0561293       37560.6
9.12    291227  0.056072        37614
9.13    291902  0.0560378       37661.9
9.14    292599  0.0560029       37712.1
9.15    293320  0.0559375       37764
9.16    294038  0.0558591       37814.1
9.17    294733  0.055784        37857.5
9.18    295429  0.0557041       37895.9
9.19    296133  0.0556351       37938.3
9.2     296832  0.0555624       37981
9.21    297531  0.0554797       38025.7
9.22    298258  0.0554455       38073.2
9.23    298983  0.0553788       38119.6
9.24    299710  0.055326        38165
9.25    300418  0.0552417       38210.2
9.26    301156  0.0551659       38254.4
9.27    301863  0.0550828       38294.1
9.28    302561  0.0550253       38333.4
9.29    303259  0.0549439       38375.8
9.3     303974  0.0548749       38419
9.31    304685  0.0548312       38466.9
9.32    305401  0.0547798       38513.5
9.33    306110  0.0546928       38559.9
9.34    306830  0.0546641       38609.3
9.35    307570  0.0545884       38657.9
9.36    308301  0.054518        38706.3
9.37    309021  0.0544654       38756.3
9.38    309708  0.0543905       38797
9.39    310421  0.0543515       38840.7
9.4     311149  0.0542953       38883.9
9.41    311854  0.0542188       38921.4
9.42    312578  0.0541413       38961.9
9.43    313312  0.0540503       39003.5
9.44    314033  0.0539717       39042.3
9.45    314780  0.0539054       39086.5
9.46    315506  0.0538684       39131.3
9.47    316219  0.0538009       39175.5
9.48    316932  0.0537484       39219.7
9.49    317653  0.053704        39263.5
9.5     318367  0.053626        39301.3
9.51    319079  0.0535487       39339.8
9.52    319804  0.0534697       39381.9
9.53    320542  0.053387        39425.3
9.54    321260  0.0533304       39468.8
9.55    321990  0.0532999       39516.6
9.56    322732  0.0532523       39568.3
9.57    323464  0.0532026       39617.3
9.58    324185  0.053153        39665.6
9.59    324922  0.0530995       39712.3
9.6     325638  0.0530038       39754.1
9.61    326360  0.0529552       39793.1
9.62    327109  0.0528933       39832.7
9.63    327855  0.0528253       39870.6
9.64    328561  0.0527446       39905.9
9.65    329297  0.0526717       39947.9
9.66    330028  0.0526092       39990.6
9.67    330773  0.0525361       40033
9.68    331495  0.0525174       40076.4
9.69    332223  0.0524709       40120.8
9.7     332947  0.0523853       40163.2
9.71    333686  0.0523397       40208.4
9.72    334431  0.0522734       40246
9.73    335148  0.0521979       40278.1
9.74    335874  0.0521355       40314.1
9.75    336593  0.052043        40351.7
9.76    337333  0.0519807       40395.3
9.77    338074  0.0519211       40440.4
9.78    338802  0.0518996       40484.2
9.79    339544  0.0518665       40531
9.8     340308  0.0518062       40580.8
9.81    341055  0.0517458       40625.5
9.82    341807  0.0516694       40668.1
9.83    342540  0.0516102       40707.5
9.84    343275  0.0515258       40747.3
9.85    344005  0.0514818       40787.7
9.86    344760  0.0514429       40832.7
9.87    345490  0.0513843       40871.8
9.88    346217  0.0513368       40911.5
9.89    346965  0.0512775       40952.7
9.9     347699  0.0511928       40990.5
9.91    348444  0.0511194       41031.1
9.92    349195  0.0510685       41071.9
9.93    349930  0.0510163       41110.5
9.94    350657  0.0509722       41150
9.95    351423  0.0509217       41192.8
9.96    352148  0.050862        41230.5
9.97    352907  0.0507937       41271.5
9.98    353633  0.0507128       41331.7
9.99    354356  0.0506604       41389.7
10      355111  0.0506042       41450.1
