649	1	23835	2
649	1	26927	2
649	3	38048	2
649	3	39282	2
649	3	42563	2
649	3	43986	2
649	3	44112	2
649	3	45227	2
649	4	48424	2
649	4	53445	2
649	4	53681	0
649	5	54900	2
649	5	57629	2
649	6	64097	2
649	6	64482	2
649	6	67548	2
649	6	67604	1
649	6	67949	2
649	6	68366	2
649	6	69076	2
649	6	70355	2
649	7	72734	2
649	7	73509	2
649	7	75918	1
649	7	78817	1
649	7	78853	0
649	7	78948	0
649	7	79461	2
650	1	112940	2
650	1	113262	2
650	24	269580	2
650	26	284444	2
650	29	301408	2
650	30	307241	1
650	30	310271	2
650	53	458958	2
652	31	1111455	2
653	30	1511237	2
653	30	1512122	2
653	30	1513003	1
653	39	1572218	2
653	49	1634397	2
653	53	1660548	0
653	53	1663635	2
653	53	1664924	1
654	10	1765688	2
654	10	1766034	0
654	10	1767165	2
654	10	1769482	0
654	15	1799988	0
654	16	1806383	2
654	33	1918591	0
654	46	2005704	2
654	5	1733696	2
654	5	1734125	1
654	9	1760161	0
655	21	2219545	0
655	29	2273061	2
656	25	2753782	2
657	0	2855092	0
657	16	2956271	2
657	19	2975229	2
657	20	2979710	0
657	20	2980097	0
657	21	2989098	2
657	30	3041367	2
657	31	3051020	0
657	32	3058684	1
657	36	3082806	2
657	38	3097047	2
657	46	3143190	2
657	4	2879654	2
657	4	2881755	0
657	6	2892816	2
657	7	2899399	2
659	11	76898	0
659	11	77636	0
659	13	85805	0
659	13	89166	2
659	13	89642	2
659	14	91126	2
659	14	94798	1
659	14	95334	2
659	18	113459	2
659	18	114433	2
659	19	119895	1
659	21	128052	1
659	22	132346	2
659	22	134715	2
659	23	135920	2
659	26	150867	2
659	29	169118	2
659	2	34446	0
659	31	176369	1
659	32	181588	2
659	33	187962	2
659	36	201205	2
659	36	202415	2
659	36	203646	2
659	37	208356	2
659	3	36722	1
659	3	39622	1
659	40	220864	2
659	43	235110	1
659	45	244721	2
659	45	245188	0
659	46	250031	2
659	46	251134	2
659	48	260530	2
659	49	265892	1
659	50	269530	1
659	50	271259	1
659	50	271458	2
659	51	272655	1
659	53	281997	1
659	54	287298	2
659	54	287538	2
659	60	316567	2
659	61	320985	2
659	6	54065	2
659	7	57697	2
659	7	58334	2
659	7	60961	2
659	9	68046	2
659	9	68198	2
661	12	396768	2
661	15	410919	2
661	16	417033	2
661	16	420349	2
661	17	421665	2
661	17	424527	2
661	18	426209	2
661	18	426722	2
661	1	343350	1
661	1	345504	2
661	1	346239	2
661	20	436343	2
661	20	436491	2
661	22	445398	2
661	23	450888	0
661	24	456011	2
661	25	464324	1
661	26	464713	2
661	26	465788	0
661	27	470566	2
661	2	350648	2
661	31	493649	2
661	32	497033	2
661	34	504210	2
661	35	510417	0
661	36	514413	2
661	38	527734	2
661	3	352513	0
661	40	535997	2
661	45	558406	1
661	45	560766	2
661	47	572007	2
661	48	576083	2
661	50	583976	2
661	50	586878	2
661	52	593270	2
661	53	599292	0
661	57	620559	2
661	57	620662	2
661	58	624364	2
661	58	625676	2
661	59	628043	2
661	5	362757	2
661	61	637491	2
661	61	640563	2
661	61	640738	2
661	62	642998	2
661	62	643046	2
661	64	653066	2
661	66	661472	2
661	67	666315	2
661	67	667555	1
661	67	668683	2
661	6	369853	2
661	76	710255	0
661	9	386006	2
662	11	768715	2
662	11	769301	2
662	13	775633	2
662	17	797527	2
662	18	802067	2
662	19	806215	1
662	1	718756	2
662	1	720511	2
662	21	814638	2
662	24	829781	2
662	26	838885	2
662	26	841276	0
662	27	846966	2
662	28	851817	1
662	29	858142	2
662	33	873073	2
662	33	875058	2
662	33	875441	2
662	35	883454	1
662	36	892248	2
662	38	897994	2
662	38	900639	2
662	3	728493	2
662	41	915940	2
662	42	918537	2
662	43	925150	0
662	44	927172	2
662	44	930489	2
662	45	932589	1
662	45	934551	2
662	46	937145	2
662	49	952776	2
662	49	955376	2
662	4	735306	2
662	51	963831	1
662	52	967165	2
662	53	973295	2
662	53	974029	2
662	57	993161	2
662	60	1005565	2
662	62	1016190	2
662	62	1016921	0
662	66	1035835	2
662	66	1037425	2
662	66	1039215	2
662	67	1040066	2
662	67	1041443	2
662	69	1050378	1
662	69	1051857	2
662	69	1053392	2
662	6	741753	2
662	6	745596	0
662	71	1061309	2
662	71	1063048	2
662	72	1066237	2
662	75	1083166	2
662	76	1087000	2
662	77	1089709	0
662	77	1090315	2
662	77	1091988	2
662	9	756340	2
664	11	1189238	2
664	11	1191102	2
664	13	1199687	2
664	13	1200005	2
664	13	1200529	0
664	14	1204983	1
664	16	1213567	2
664	16	1213971	2
664	21	1242249	1
664	22	1242899	2
664	22	1244505	2
664	23	1251691	2
664	23	1252541	2
664	24	1252764	2
664	25	1261529	1
664	26	1266599	2
664	27	1268570	0
664	29	1279949	1
664	2	1144010	2
664	2	1145875	2
664	32	1293743	2
664	33	1299833	1
664	35	1307513	2
664	35	1310450	2
664	36	1313615	2
664	36	1313937	1
664	41	1336830	1
664	43	1348513	1
664	43	1350070	2
664	43	1350504	2
664	43	1351290	2
664	44	1352993	1
664	46	1362039	0
664	46	1362064	2
664	47	1367111	2
664	47	1367622	2
664	48	1371928	2
664	49	1376580	2
664	49	1379444	2
664	50	1383105	2
664	50	1383627	2
664	54	1402388	2
664	54	1403592	2
664	55	1411166	2
664	59	1426413	2
664	59	1430094	2
664	60	1433395	1
664	60	1433948	2
664	61	1437252	2
664	63	1446638	1
664	63	1448588	2
664	64	1454424	2
664	66	1461786	2
664	66	1465112	2
664	67	1466257	2
664	68	1471460	1
664	69	1478601	1
664	70	1481347	2
664	70	1484418	2
664	7	1172977	1
664	9	1178772	2
664	9	1179936	2
665	10	1537679	2
665	10	1539326	2
665	13	1554951	2
665	13	1555012	2
665	17	1571624	2
665	19	1581495	2
665	19	1582209	2
665	19	1582507	2
665	1	1493848	2
665	21	1593617	0
665	22	1595590	0
665	22	1597154	0
665	23	1601663	2
665	24	1606682	2
665	24	1606824	0
665	25	1609898	2
665	26	1615513	2
665	27	1619416	1
665	27	1621641	2
665	28	1627341	2
665	29	1631775	2
665	30	1637109	2
665	31	1639591	2
665	33	1649872	2
665	33	1651886	1
665	35	1659629	2
665	35	1660065	0
665	35	1660239	2
665	35	1660348	1
665	35	1660629	1
665	36	1667007	2
665	37	1672632	1
665	38	1673480	2
665	38	1673905	2
665	38	1675240	2
665	39	1679125	2
665	3	1502811	2
665	3	1505744	2
665	40	1685450	2
665	42	1696246	2
665	47	1717755	2
665	50	1735050	1
665	52	1741109	2
665	52	1741720	2
665	56	1763015	2
665	56	1763332	1
665	58	1773022	0
665	5	1516144	2
665	8	1531030	2
666	0	4004	0
666	10	52425	2
666	13	66091	0
666	14	71914	0
666	15	75812	2
666	16	79604	2
666	17	86154	0
666	18	92339	2
666	1	7328	0
666	24	121674	1
666	25	123186	2
666	25	126518	0
666	26	132346	2
666	27	137223	2
666	28	137339	1
666	2	12495	2
666	30	148108	2
666	32	158329	2
666	32	160451	2
666	33	164288	1
666	34	170863	0
666	35	173096	2
666	35	176008	2
666	39	195744	2
666	3	19097	2
666	3	19587	2
666	41	204360	2
666	42	207514	1
666	43	213466	2
666	43	215321	2
666	46	227178	2
666	46	228524	2
666	46	228589	2
666	48	239876	2
666	49	243099	0
666	50	249151	2
666	52	256238	0
666	52	258754	2
666	56	275891	2
666	56	278340	2
666	56	278359	2
666	59	289611	2
666	59	292400	2
666	59	292410	2
666	5	24803	2
666	62	306099	1
666	62	307826	2
666	67	329988	0
666	68	337243	2
666	69	341393	2
666	7	38657	1
666	8	43029	2
668	0	359049	0
668	11	414497	2
668	13	421419	2
668	13	422484	1
668	14	428145	2
668	16	436402	2
668	17	443889	0
668	1	363979	2
668	22	466838	2
668	24	476648	2
668	24	478543	2
668	25	484406	1
668	26	485255	2
668	26	486466	2
668	27	494109	2
668	29	501059	1
668	29	502719	2
668	30	507334	2
668	31	511516	1
668	32	516038	2
668	33	520597	0
668	33	520917	0
668	34	524614	2
668	34	525877	2
668	34	527647	2
668	35	528691	2
668	35	529639	2
668	35	530690	2
668	38	543861	0
668	38	544604	2
668	39	549588	2
668	40	554824	2
668	40	555132	2
668	40	556837	2
668	42	564515	2
668	43	572321	2
668	45	581293	1
668	46	585621	2
668	47	588499	2
668	48	593558	0
668	48	594867	2
668	48	596124	0
668	49	597002	2
668	50	604181	2
668	50	604300	2
668	53	617870	2
668	53	618462	2
668	55	627496	2
668	57	635789	2
668	5	384211	2
668	61	659330	1
668	63	668325	2
668	64	671147	1
668	65	675875	2
668	65	675939	2
668	65	676874	2
668	66	683337	2
668	66	683494	2
668	67	688553	2
668	6	388352	0
668	6	388536	2
668	7	392779	2
668	7	394233	2
668	7	394356	2
668	8	399862	2
668	8	401607	2
668	9	404994	2
672	13	64357	1
672	13	65692	2
672	14	70957	2
672	14	73288	1
672	16	82994	1
672	16	83873	2
672	17	88406	0
672	18	89690	2
672	18	91933	2
672	19	94031	0
672	19	96465	2
672	19	96840	2
672	1	5811	2
672	21	105252	2
672	21	106601	0
672	21	107927	2
672	24	118755	2
672	24	122509	2
672	26	128189	2
672	26	129911	2
672	27	136880	2
672	27	137687	2
672	28	138117	0
672	28	138861	0
672	28	140278	0
672	29	143487	2
672	29	144168	2
672	2	10058	2
672	30	151645	2
672	30	151655	2
672	34	168817	0
672	34	169239	2
672	3	17129	2
672	42	207757	2
672	44	219406	2
672	45	223987	2
672	46	228315	0
672	4	19944	0
672	52	258407	0
672	53	265309	2
672	54	267033	2
672	58	286220	1
672	58	289228	1
672	59	290814	2
672	59	294059	2
672	59	295300	2
672	5	28953	2
672	62	305945	1
672	62	307057	2
672	62	307184	2
672	62	307594	0
672	65	323904	2
672	65	324060	2
672	67	330520	2
672	67	333150	2
672	67	333797	2
672	67	334412	2
672	68	336705	1
672	68	336779	1
672	70	347632	2
672	71	349942	2
672	72	357060	2
672	7	37216	0
672	8	41006	2
672	8	41578	2
673	1	367314	2
673	1	369454	2
673	3	378365	2
673	3	378936	2
673	4	385587	1
674	10	439246	2
674	10	441209	0
674	12	448986	0
674	13	454540	1
674	13	455936	2
674	16	469671	2
674	17	474991	0
674	17	475561	2
674	19	481971	2
674	20	489269	2
674	20	490158	0
674	21	492120	1
674	27	521138	2
674	27	524791	2
674	28	528539	2
674	29	532712	2
674	29	534547	2
674	30	537712	2
674	31	544986	2
674	33	553069	2
674	35	561155	2
674	36	569486	2
674	38	577245	2
674	39	584466	2
674	3	403110	0
674	3	403672	2
674	41	592389	2
674	42	596752	2
674	42	596863	2
674	42	598550	1
674	44	606975	0
674	44	607698	1
674	44	608526	2
674	44	608881	2
674	45	612319	2
674	46	617363	2
674	47	622978	2
674	49	631973	2
674	50	635065	0
674	52	645658	2
674	52	645979	2
674	52	646159	1
674	52	646624	0
674	52	646898	2
674	52	647431	2
674	52	648183	2
674	52	648202	2
674	54	655817	2
674	54	657424	2
674	54	659247	1
674	55	660805	0
674	57	669740	2
674	58	677966	2
674	5	413870	2
674	61	691513	2
674	63	702339	1
674	64	704424	1
674	65	713958	2
674	67	721047	2
674	6	419258	2
674	6	419532	2
674	8	429003	0
674	8	431593	2
674	9	431994	2
675	11	791809	2
675	12	793295	2
675	12	794921	2
675	13	798190	0
675	13	800042	2
675	13	800387	2
675	14	802196	2
675	14	802286	1
675	14	806175	2
675	16	814046	2
675	17	819336	1
675	20	832871	2
675	20	833727	2
675	20	834813	2
675	20	835343	2
675	20	835980	2
675	21	839260	1
675	22	842034	2
675	23	850979	2
675	24	855806	2
675	25	858340	2
675	25	858358	2
675	27	869679	2
675	27	871135	2
675	28	872506	2
675	31	889804	2
675	31	890938	2
675	34	902209	2
675	34	904767	2
675	35	906892	2
675	36	914285	2
675	36	914811	0
675	37	916897	2
675	38	922435	2
675	39	930649	2
675	3	750464	0
675	40	931407	2
675	41	936842	1
675	41	937902	1
675	41	939351	0
675	41	940752	2
675	42	943826	0
675	43	950061	2
675	43	950695	0
675	44	951629	2
675	44	952497	2
675	44	953416	2
675	44	955633	2
675	45	959311	2
675	47	970856	1
675	48	973015	0
675	4	754125	0
675	50	983794	2
675	51	986353	0
675	52	994567	2
675	53	999736	0
675	54	1002102	2
675	54	1004207	0
675	54	1004602	2
675	55	1006216	2
675	55	1009306	0
675	56	1013794	2
675	57	1020940	2
675	58	1023358	2
675	59	1028277	2
675	64	1053128	2
675	65	1059719	2
675	7	771422	2
675	8	775548	1
677	13	1571600	2
677	13	1572528	2
677	15	1584758	0
677	16	1587672	2
677	18	1595257	2
677	19	1603491	0
677	20	1609259	2
677	23	1621736	0
677	26	1636767	2
677	27	1640690	2
677	28	1643733	2
677	28	1645487	1
677	32	1666681	2
677	33	1668307	1
677	36	1683709	2
677	40	1703734	2
677	42	1715712	2
677	44	1722961	0
677	46	1736335	2
677	52	1765861	2
677	59	1800381	0
677	60	1802133	1
677	60	1803644	2
677	60	1803957	2
677	62	1813416	2
677	66	1830337	2
677	6	1538178	2
677	72	1862548	0
677	75	1875871	2
677	77	1883724	1
677	77	1885259	2
677	7	1544042	1
677	80	1901827	2
677	81	1905235	1
677	85	1923308	1
677	86	1929040	2
677	87	1933241	1
677	89	1946285	0
677	90	1950341	2
677	91	1956102	1
677	96	1978093	1
677	96	1978160	2
677	9	1554031	2
678	14	2052876	1
678	15	2059914	2
678	16	2061275	1
678	18	2073399	0
678	1	1989522	2
678	1	1989869	2
678	20	2084159	2
678	27	2118489	2
678	28	2120768	2
678	33	2145973	2
678	35	2154307	2
678	38	2170843	0
678	41	2184367	2
678	42	2188412	2
678	45	2202574	2
678	47	2214388	2
678	48	2220228	2
678	49	2221653	2
678	49	2225517	1
678	50	2226564	1
678	54	2245505	2
678	54	2248850	2
678	58	2266600	2
678	64	2295123	2
678	65	2300797	2
678	69	2319182	2
678	70	2325541	2
678	75	2351222	0
678	76	2353783	0
678	7	2017382	1
678	7	2018058	2
678	7	2019841	2
678	82	2383785	2
678	87	2406228	2
678	88	2414681	1
678	8	2022088	2
678	8	2022525	2
678	8	2025170	2
678	90	2424630	1
678	92	2431043	2
678	93	2437704	0
678	96	2452082	2
679	13	2519408	2
679	13	2520857	2
679	16	2534605	2
679	16	2537021	0
679	18	2546198	0
679	22	2562125	0
679	24	2572512	2
679	24	2574604	0
679	2	2469006	2
679	36	2631720	2
679	36	2634406	1
679	41	2658813	1
679	42	2661098	2
679	46	2683800	2
679	49	2697132	0
679	52	2710073	2
679	53	2717473	2
679	54	2718449	2
679	56	2729720	0
679	56	2730356	2
679	59	2744514	2
679	5	2480885	0
679	62	2761345	2
679	63	2762582	2
679	65	2775030	1
679	66	2779028	2
679	67	2781378	1
679	6	2484589	2
679	6	2487048	0
679	6	2488133	2
679	71	2801697	0
679	72	2810366	2
679	75	2824763	2
679	77	2834340	0
679	79	2845072	0
679	7	2491436	0
679	85	2873118	2
679	86	2876579	2
679	87	2881582	2
679	88	2884288	0
679	91	2901901	2
679	92	2906837	1
679	94	2915619	1
679	96	2924765	0
680	14	2996944	0
680	14	2997755	1
680	14	2998926	1
680	15	3003464	2
680	19	3020170	1
680	25	3053330	2
680	29	3073470	2
680	30	3075692	2
680	37	3113354	2
680	46	3156770	0
680	54	3196267	2
680	54	3196832	2
680	55	3199375	2
680	55	3202580	2
680	58	3217079	2
680	60	3222035	2
680	71	3278343	0
680	75	3297051	2
680	80	3320627	0
680	82	3329984	1
680	82	3332174	2
680	83	3336001	2
680	84	3339759	2
680	86	3352032	2
680	87	3355668	2
680	87	3359314	2
680	90	3371877	1
680	95	3393987	0
680	96	3400229	2
681	10	3453164	2
681	10	3456035	2
681	15	3478710	1
681	16	3484099	2
681	20	3505885	2
681	22	3511921	2
681	24	3525111	2
681	27	3539578	2
681	29	3547610	2
681	29	3550358	2
681	2	3414232	2
681	31	3559642	2
681	31	3560742	2
681	32	3565652	2
681	36	3583020	0
681	37	3588692	0
681	39	3596134	2
681	40	3604409	2
681	44	3620490	2
681	45	3627477	2
681	45	3630004	2
681	49	3646367	0
681	49	3649699	1
681	4	3427057	0
681	51	3656143	2
681	56	3682124	2
681	56	3684471	2
681	57	3685901	0
681	58	3690333	0
681	59	3699134	0
681	62	3710299	0
681	62	3712537	2
681	63	3714390	2
681	64	3719463	2
681	64	3723599	1
681	67	3735936	1
681	68	3741753	2
681	70	3748705	2
681	71	3757083	0
681	74	3770709	2
681	76	3782595	0
681	78	3789299	1
681	78	3791588	2
681	79	3796817	2
681	7	3439254	2
681	7	3440152	1
681	82	3810593	2
681	88	3839770	1
681	90	3848973	2
682	10	3937792	0
682	11	3942666	2
682	14	3954293	0
682	14	3957493	0
682	17	3971675	2
682	18	3973387	2
682	18	3973877	0
682	19	3980585	2
682	1	3891157	2
682	1	3893435	2
682	25	4007933	2
682	28	4022476	2
682	2	3893959	2
682	33	4049826	1
682	36	4061199	0
682	37	4067837	2
682	38	4071056	0
682	3	3900730	2
682	48	4122642	0
682	49	4126898	0
682	53	4147108	1
682	54	4150865	0
682	55	4154821	2
682	59	4175008	2
682	61	4185274	2
682	70	4227665	2
682	73	4242280	1
682	78	4267076	2
682	79	4274062	0
682	7	3922048	1
682	80	4275752	2
682	81	4284985	2
682	82	4289477	0
682	83	4292370	2
682	86	4308775	2
682	89	4323629	0
682	93	4342494	2
682	93	4343076	2
682	94	4344252	2
683	100	4851771	1
683	100	4853059	1
683	11	4414440	2
683	11	4416648	2
683	14	4430312	2
683	15	4432350	2
683	15	4436500	1
683	16	4441489	2
683	17	4443656	2
683	18	4447139	0
683	23	4472723	2
683	25	4485283	1
683	29	4501309	2
683	2	4370993	1
683	39	4553752	2
683	40	4555741	1
683	42	4566310	2
683	43	4571804	2
683	43	4572006	0
683	43	4574083	0
683	45	4581971	2
683	49	4600346	2
683	51	4611582	0
683	55	4630581	2
683	56	4637274	0
683	61	4660710	2
683	63	4668487	2
683	65	4679724	2
683	66	4684847	0
683	71	4709148	2
683	71	4709470	2
683	71	4710967	2
683	74	4722337	2
683	75	4727664	2
683	75	4727842	2
683	77	4737725	2
683	79	4749455	0
683	81	4759985	0
683	85	4777221	1
683	87	4790352	2
683	8	4401770	0
683	90	4801667	2
683	90	4804800	2
683	93	4816956	2
683	97	4839255	2
684	10	4904649	1
684	10	4905825	1
684	10	4906099	2
684	11	4908913	2
684	13	4921068	0
684	14	4925887	0
684	18	4944011	2
684	18	4944540	2
684	19	4947412	0
684	1	4860698	2
684	20	4955569	2
684	22	4962862	2
684	27	4986995	0
684	28	4991414	2
684	28	4993614	2
684	28	4993822	0
684	31	5006628	2
684	31	5008753	0
684	37	5034946	0
684	37	5039022	1
684	38	5041533	2
684	40	5052708	0
684	46	5078226	2
684	46	5082654	2
684	47	5086068	2
684	48	5089380	2
684	49	5093173	1
684	52	5108150	2
684	64	5166464	1
684	65	5175628	2
684	67	5182037	2
684	67	5183829	2
684	69	5190955	2
684	6	4886626	2
684	71	5202682	2
684	71	5204438	2
684	73	5214896	2
684	77	5232371	0
684	78	5238043	2
684	78	5238807	2
684	79	5240595	2
684	80	5248213	0
684	80	5248682	0
684	82	5257327	0
685	17	84727	2
685	18	92038	0
685	20	98934	0
685	21	104617	2
685	24	120924	1
685	24	121657	1
685	26	130272	0
685	28	140457	0
685	2	12552	2
685	30	146841	2
685	32	161150	0
685	33	164761	2
685	3	19578	2
685	40	196499	2
685	44	219526	0
685	48	235296	1
685	48	239340	2
685	55	272926	2
685	57	280005	2
685	77	377176	2
685	78	382304	2
685	79	388501	2
685	80	392413	0
685	81	399140	2
685	81	399257	2
685	82	404596	2
685	83	409891	0
685	85	419218	2
685	87	428596	2
685	87	429237	0
685	8	43410	2
685	90	442102	1
685	93	455481	2
685	94	460091	1
685	96	469364	0
685	96	471902	0
685	98	481238	0
686	10	533576	2
686	10	533640	2
686	15	559090	2
686	17	566260	2
686	17	567038	2
686	17	569177	2
686	17	570401	2
686	21	585684	2
686	22	590670	0
686	24	604091	2
686	25	609523	0
686	31	637455	2
686	32	641843	2
686	34	652057	2
686	37	664824	0
686	43	695440	2
686	49	725265	2
686	55	752836	1
686	57	761222	2
686	5	510373	0
686	6	516392	2
686	79	868829	1
686	7	519899	2
686	80	876872	2
686	81	882612	2
686	85	901429	2
686	90	924625	2
686	92	935982	2
686	96	954526	2
686	96	956241	2
686	99	967794	2
686	9	529015	1
688	11	1025867	2
688	11	1026362	2
688	14	1040309	2
688	20	1071118	0
688	20	1071131	2
688	21	1078165	2
688	22	1079716	2
688	22	1083568	2
688	23	1086382	1
688	27	1104438	2
688	27	1105751	2
688	29	1113326	1
688	30	1122826	2
688	31	1125015	2
688	34	1141820	2
688	35	1144249	0
688	35	1146781	2
688	39	1164627	1
688	40	1167406	0
688	40	1168763	2
688	43	1182790	1
688	47	1205185	0
688	48	1206720	2
688	48	1207324	2
688	49	1213107	1
688	52	1226605	2
688	52	1229297	2
688	56	1247544	1
688	62	1277006	2
688	67	1299229	2
688	68	1306388	1
688	6	1002326	2
688	71	1322146	2
688	75	1341837	2
688	77	1348585	1
688	7	1008506	2
688	80	1366348	1
688	86	1396915	0
688	88	1405548	2
688	8	1014708	2
688	91	1417848	1
688	91	1421295	0
688	92	1422105	0
688	94	1435759	0
688	96	1441802	0
688	96	1445009	0
689	14	1516915	2
689	15	1523477	2
689	15	1524221	2
689	3	1467391	2
689	4	1469135	2
689	5	1478492	0
689	7	1484869	1
689	7	1487640	2
705	10	57594	2
705	12	65736	2
705	12	66020	2
705	13	69444	2
705	14	75226	2
705	15	82266	2
705	1	14188	2
705	20	102144	2
705	20	106362	1
705	20	106435	2
705	21	110401	2
705	22	115346	2
705	25	128200	0
705	25	128679	2
705	27	140862	2
705	29	150204	0
705	31	156514	2
705	32	163617	2
705	33	167171	2
705	34	170894	0
705	37	188489	0
705	39	195136	2
705	40	199362	2
705	41	207520	0
705	42	209577	1
705	42	210671	0
705	44	219588	1
705	44	221555	2
705	45	226492	1
705	46	228778	2
705	46	231567	0
705	48	237868	2
705	49	246448	2
705	52	257022	2
705	56	280010	2
705	58	286106	2
705	59	291569	2
705	5	31649	2
705	5	32168	2
705	60	298236	2
705	62	308821	1
705	68	338002	2
705	69	338801	2
705	74	365156	2
705	75	367645	2
705	75	368000	2
705	77	377114	2
705	79	388375	0
705	83	408199	2
705	84	415274	0
705	86	421403	2
705	87	429727	0
705	91	447897	2
705	91	448456	2
706	13	525070	2
706	14	530310	2
706	15	535865	0
706	16	540939	2
706	27	591918	2
706	29	601883	2
706	2	469888	2
706	2	472591	2
706	30	606129	2
706	33	622999	2
706	36	636349	2
706	40	656768	2
706	41	657283	0
706	42	662509	1
706	42	666166	2
706	43	671107	2
706	53	719277	2
706	54	724453	2
706	57	735245	0
706	60	753041	2
706	63	764615	0
706	6	490753	0
706	70	798262	2
706	71	805985	0
706	72	807820	2
706	76	829319	2
706	81	854322	2
706	81	854769	1
706	87	882917	0
706	8	499758	0
706	90	896005	0
706	92	903137	0
706	94	916773	2
706	95	918453	2
706	9	505363	2
707	10	976644	2
707	12	986695	2
707	14	996812	0
707	15	1004554	0
707	16	1007002	1
707	17	1014003	2
707	17	1014102	2
707	1	933592	2
707	22	1038193	2
707	30	1073435	2
707	30	1073753	2
707	33	1089788	0
707	35	1097365	0
707	38	1112328	2
707	41	1125966	1
707	41	1128654	2
707	45	1148279	1
707	46	1151571	2
707	51	1176683	2
707	58	1210505	2
707	58	1211800	2
707	58	1211968	2
707	59	1215293	0
707	5	955824	0
707	61	1223799	2
707	61	1225049	2
707	66	1247490	2
707	68	1257407	1
707	70	1269346	0
707	71	1271281	2
707	71	1271979	0
707	76	1298303	2
707	77	1303059	2
707	79	1314337	0
707	7	961464	0
707	82	1327845	1
707	83	1331904	2
707	86	1347559	1
707	88	1356563	2
707	8	966356	2
709	10	51116	2
709	12	59895	2
709	12	60614	2
709	14	69206	2
709	14	72689	0
709	17	85066	2
709	17	85813	2
709	18	88769	2
709	24	121858	0
709	25	123649	2
709	25	124399	2
709	25	124822	2
709	27	134914	2
709	27	135555	2
709	30	151395	2
709	32	159811	2
709	34	166811	0
709	34	169576	0
709	34	169722	2
709	36	177615	0
709	39	195334	0
709	41	202359	2
709	41	203440	2
709	45	223967	2
709	49	243877	0
709	51	252517	0
709	57	280049	2
709	59	290100	2
709	5	26793	0
709	63	311544	2
709	66	323201	0
709	67	328496	0
709	68	335616	0
709	68	335745	0
709	69	339232	2
709	6	32841	2
709	73	357083	0
709	75	368233	2
709	78	384717	2
709	79	386308	2
709	7	35872	2
709	82	402387	2
709	85	416077	2
709	86	422909	2
709	87	427014	0
709	87	428213	2
709	87	429394	2
709	89	435264	1
709	92	449969	2
709	93	454626	2
709	9	47488	1
710	12	527144	2
710	17	552563	2
710	18	557642	0
710	1	474665	2
710	20	566233	2
710	20	566242	2
710	21	573512	2
710	28	604871	2
710	29	609938	2
710	30	616483	2
710	35	641460	2
710	36	643381	2
710	36	643687	2
710	3	482340	2
710	49	708346	2
710	4	486471	1
710	50	716216	2
710	50	716351	0
710	51	717752	2
710	55	738453	2
710	57	749802	0
710	58	755056	2
710	59	757240	0
710	59	758894	2
710	5	491934	0
710	61	767738	2
710	77	845363	1
710	78	853053	2
710	7	501626	2
710	81	868528	2
710	82	868819	2
710	8	509230	2
710	92	921452	2
710	92	921960	0
710	94	931188	2
710	9	514421	2
712	0	1829	0
712	10	53201	2
712	17	87001	2
712	18	92965	2
712	23	113433	2
712	24	118166	2
712	24	121559	2
712	25	124945	2
712	26	128913	1
712	32	160411	0
712	32	160505	0
712	34	168718	1
712	35	171637	2
712	37	183445	0
712	3	16498	0
712	40	196187	2
712	40	199307	2
712	40	199437	0
712	42	206176	0
712	42	207941	2
712	45	223359	2
712	46	228982	2
712	46	229738	2
712	48	237132	0
712	48	237671	0
712	48	237721	2
712	49	244363	2
712	4	21086	2
712	4	21767	0
712	52	255346	2
712	59	291543	2
712	61	303078	2
712	61	303242	0
712	61	303825	2
712	63	311303	2
712	66	325006	2
712	8	42663	2
733	10	105775	2
733	12	115367	0
733	12	115430	2
733	12	115834	2
733	16	135956	1
733	19	146515	2
733	19	149316	2
733	21	159225	0
733	26	180105	0
733	2	70273	2
733	35	219026	1
733	37	230303	2
733	43	255769	1
733	43	259404	2
733	52	296704	1
733	52	299333	0
733	53	302229	2
733	58	325746	2
733	60	334463	2
733	63	348970	2
733	64	356449	0
750	15	74148	0
750	18	85512	2
750	19	89318	1
750	23	109511	1
750	24	115534	2
750	26	121270	2
750	27	127372	2
750	32	148212	2
750	34	156528	2
750	37	170998	2
750	37	171319	1
750	37	173621	2
750	38	177379	2
750	39	180541	2
750	39	181425	2
750	3	19863	2
750	40	186398	2
750	42	192978	2
750	43	198457	0
750	46	213989	1
750	4	21810	2
750	4	21871	2
750	52	239630	0
750	52	239778	2
750	53	244974	0
750	57	261688	2
750	58	263535	2
750	58	266873	0
750	59	268608	2
750	59	272154	2
750	64	291818	0
750	65	295369	1
750	66	299249	0
750	70	318802	2
750	72	329641	2
750	75	343069	2
750	76	347003	2
750	77	351778	2
750	78	355837	2
750	87	395690	0
750	88	398208	2
750	89	405603	2
750	92	417443	2
750	92	417757	2
751	10	469983	2
751	12	478091	2
751	14	486347	2
751	17	497559	2
751	20	512574	2
751	21	516715	2
751	22	522626	1
751	27	546099	2
751	27	546360	2
751	33	572338	2
751	36	586631	2
751	36	586670	2
751	37	587929	2
751	43	614986	0
751	46	629673	0
751	47	634855	2
751	49	644453	2
751	51	653604	2
751	52	656124	2
751	56	674072	2
751	62	703813	2
751	66	722085	2
751	66	722224	2
751	68	728208	0
751	69	735092	2
751	76	765061	2
751	76	766197	2
751	79	781073	2
751	80	781568	0
751	82	793614	1
751	89	823842	0
751	93	843710	2
751	94	844653	1
752	100	1312781	2
752	10	904758	0
752	12	913706	2
752	19	945225	2
752	19	945592	2
752	21	955023	2
752	24	969058	2
752	2	871029	2
752	30	996018	2
752	32	1002722	2
752	34	1012159	1
752	34	1013210	2
752	34	1013795	2
752	36	1023048	0
752	41	1047171	2
752	43	1053622	2
752	49	1083505	2
752	57	1117317	1
752	61	1136272	2
752	65	1156033	1
752	68	1169245	1
752	69	1171053	2
752	72	1184503	2
752	77	1207912	2
752	77	1209946	2
752	78	1212485	0
752	83	1237044	2
752	93	1280683	2
752	95	1290313	2
752	96	1295712	2
752	99	1306847	2
753	11	1397516	1
753	15	1417643	0
753	16	1423682	2
753	18	1432184	2
753	18	1432374	2
753	25	1462008	2
753	32	1493242	2
753	33	1499398	0
753	35	1505913	0
753	40	1531615	2
753	41	1531835	2
753	44	1547911	2
753	46	1556950	2
753	50	1573357	2
753	56	1599941	2
753	57	1605372	2
753	57	1606006	2
753	62	1631251	2
753	64	1637634	2
753	69	1659260	2
753	70	1664900	2
753	71	1669608	2
753	72	1676140	2
753	76	1690684	2
753	80	1711173	0
753	84	1726141	2
753	84	1728274	0
753	87	1742098	2
753	88	1745512	2
753	90	1757746	2
753	94	1772234	0
753	94	1774079	0
753	97	1785238	2
753	9	1391755	0
754	12	1849267	0
754	13	1851228	2
754	16	1864497	0
754	16	1866258	2
754	19	1878058	0
754	19	1880952	1
754	24	1903234	2
754	26	1911379	2
754	26	1912963	2
754	27	1916247	0
754	27	1916731	2
754	33	1944049	1
754	39	1968328	2
754	46	2001315	2
754	47	2005417	2
754	4	1809947	2
754	52	2028371	2
754	54	2039339	2
754	54	2039810	2
754	58	2057806	2
754	60	2065554	1
754	64	2082744	1
754	65	2086790	2
754	68	2100243	2
754	69	2106383	2
754	70	2112620	2
754	71	2113326	0
754	72	2121412	0
754	80	2157775	2
754	81	2159777	2
754	83	2171395	2
754	91	2204637	2
754	91	2207525	0
754	92	2211769	2
754	94	2220021	2
755	10	2276783	0
755	13	2290266	2
755	16	2305202	2
755	18	2315925	2
755	19	2318233	2
755	22	2332552	1
755	29	2362243	2
755	2	2244868	0
755	31	2371641	1
755	34	2388416	2
755	8	2271052	2
755	9	2273659	0
759	19	112529	2
759	21	120043	0
759	23	130808	2
759	3	40476	2
760	10	181461	2
760	11	186553	2
760	14	198499	0
760	16	205171	1
760	19	218430	2
760	19	219919	2
760	20	224588	0
760	21	228633	1
760	22	232135	2
760	25	247667	1
760	29	262898	2
760	2	144139	2
760	30	269843	2
760	33	283087	1
760	37	299342	2
760	42	322792	2
760	47	347841	2
760	48	349404	0
760	51	364901	2
760	53	370713	2
760	53	370880	2
760	53	372442	0
760	55	382793	2
760	57	392694	2
760	5	158715	2
760	63	419735	0
760	73	461750	0
760	78	483486	2
760	7	164855	2
760	80	492632	2
760	82	503946	0
760	88	529521	2
760	91	541009	1
760	93	551445	2
760	93	553510	2
760	95	558818	2
760	95	561605	2
769	100	471091	2
769	104	488644	0
769	14	71657	2
769	14	72110	1
769	16	78542	2
769	17	82735	0
769	17	84029	2
769	22	107887	2
769	25	121686	2
769	2	15463	0
769	31	150846	2
769	39	185784	2
769	40	189844	2
769	41	194296	1
769	43	206148	2
769	49	235439	0
769	50	237519	2
769	53	250296	2
769	56	267309	2
769	57	269639	0
769	59	279286	2
769	5	28114	2
769	61	290273	1
769	62	292497	2
769	68	321475	2
769	69	324054	2
769	71	336925	2
769	76	359145	2
769	77	363565	1
769	80	374659	2
769	85	400830	0
769	86	405131	2
769	89	419932	0
769	8	41243	2
769	90	421168	2
769	95	446075	2
769	96	452641	1
769	99	463554	2
770	11	553795	0
770	11	555548	2
770	18	586949	0
770	1	509230	2
770	26	625830	2
770	28	636708	2
770	2	515819	0
770	30	642932	2
770	36	673010	1
770	37	677632	2
770	3	517989	1
770	45	712008	2
770	55	758885	2
770	57	768508	2
770	58	773465	1
770	58	775559	2
770	6	533031	2
770	72	837640	2
770	72	837839	2
770	79	870791	2
770	83	889326	2
770	88	915799	0
770	91	929064	2
770	94	941699	2
770	95	948280	2
771	13	1016450	2
771	14	1020310	0
771	23	1062583	2
771	26	1076484	0
771	26	1080702	2
771	35	1121243	0
771	35	1121825	0
771	38	1135389	0
771	39	1139656	1
771	44	1163460	2
771	46	1173733	0
771	58	1227560	0
771	61	1244404	2
771	64	1259574	2
771	75	1309448	0
771	79	1326289	2
771	82	1340549	2
771	85	1356761	2
771	8	993500	1
771	94	1396908	2
771	96	1405423	0
772	10	1476756	2
772	12	1485496	2
772	14	1495306	2
772	14	1496006	0
772	18	1513375	0
772	20	1522287	0
772	23	1536307	2
772	29	1564196	2
772	2	1440879	2
772	32	1578515	2
772	32	1581952	2
772	3	1445795	2
772	43	1631170	0
772	43	1633070	2
772	44	1636682	1
772	56	1693265	2
772	5	1452830	1
772	60	1710792	2
772	62	1720836	2
772	63	1724018	2
772	71	1762490	2
772	73	1774029	2
772	74	1779839	2
772	76	1789091	2
772	78	1797584	1
772	82	1813765	2
772	89	1850705	0
772	8	1465962	2
772	8	1467325	2
772	9	1471691	2
776	6	39311	2
778	28	141249	2
778	30	146844	0
778	30	149285	1
778	30	150335	2
778	31	154542	2
778	31	154555	2
778	32	157220	0
778	41	200935	2
778	44	214199	2
778	47	229867	1
778	51	248280	2
778	53	258561	2
778	59	283190	2
778	5	32728	0
778	5	33253	0
778	63	303278	0
778	64	310193	0
778	76	364648	2
778	7	39170	2
778	80	383167	2
778	80	384311	2
778	81	388640	2
778	83	395451	1
778	83	397626	2
778	86	411372	2
778	86	412560	2
778	89	424632	2
778	92	440252	2
778	94	448639	2
779	18	544025	2
779	19	551581	2
779	21	561630	2
779	33	617465	2
779	3	473632	2
779	45	671876	1
779	47	680768	2
779	4	477738	2
779	53	707573	2
779	57	726197	0
779	58	732952	2
779	5	484060	2
779	63	756028	0
779	64	761570	0
779	65	764553	2
779	6	488533	2
779	71	795977	0
779	74	809762	1
779	76	819238	0
779	79	833081	2
779	7	492321	1
779	80	834070	2
779	83	849674	1
779	83	849693	0
779	85	861508	2
779	86	865619	2
779	88	871658	0
779	8	500958	0
779	93	898212	2
779	94	902401	2
780	10	961133	2
780	15	984168	2
780	16	991854	2
780	17	992482	0
780	22	1017942	1
780	25	1030606	2
780	25	1034281	2
780	3	927437	2
780	3	927492	2
780	3	928667	2
780	43	1114900	1
780	45	1124175	1
780	50	1149474	0
780	50	1149790	2
780	50	1150040	2
780	51	1155879	0
780	53	1164543	2
780	55	1171455	2
780	56	1179273	2
780	58	1186253	1
780	5	936799	2
780	5	937674	0
780	66	1224604	2
780	66	1225608	2
780	69	1237305	0
780	6	942175	2
783	12	77633	2
783	14	88021	2
783	17	103265	0
783	22	126487	0
783	26	145182	2
783	28	150873	0
783	2	30221	0
783	34	180353	0
783	37	195785	1
783	40	210294	0
783	43	224637	1
783	56	282761	0
783	56	284631	0
783	58	295238	2
783	59	299984	1
783	5	43835	2
783	66	330759	0
783	74	367040	0
783	79	389548	1
783	79	392563	2
783	81	398882	2
783	84	414981	1
783	86	420752	2
783	86	425344	2
783	8	58508	1
783	91	447296	2
783	95	463092	2
783	95	463865	2
784	11	523273	2
784	17	552405	0
784	25	589421	0
784	28	602084	0
784	29	607975	2
784	29	609156	2
784	34	632302	0
784	35	634260	2
784	38	649324	2
784	38	649418	1
784	39	653965	2
784	39	654668	0
784	42	666297	2
784	42	666726	2
784	51	708988	0
784	54	722903	2
784	58	739769	2
784	60	749129	2
784	60	749421	2
784	63	764497	2
784	67	784202	2
784	68	787253	0
784	72	804389	0
784	76	822054	2
784	7	507357	2
784	81	849275	2
784	86	871287	1
784	88	878752	2
784	88	879067	0
784	90	890223	0
784	93	901816	2
784	94	906720	1
784	94	909147	1
785	11	966162	2
785	13	978190	0
785	22	1018880	0
785	23	1023465	0
785	27	1042122	2
785	35	1078883	2
785	41	1104026	1
785	42	1111913	2
785	44	1120871	2
785	45	1124399	2
785	46	1127949	2
785	47	1135341	2
785	4	933081	0
785	63	1209091	2
785	66	1223290	2
785	70	1238234	0
785	75	1260326	1
785	77	1273960	2
785	78	1274819	2
785	7	947120	2
785	80	1285546	0
785	81	1289926	0
785	83	1299043	0
785	86	1312836	2
785	88	1321788	1
785	89	1328934	2
785	8	953966	0
785	94	1350578	2
785	96	1360886	2
786	10	1416867	2
786	11	1424853	0
786	13	1431767	2
786	14	1436354	2
786	15	1440308	0
786	16	1444524	2
786	16	1448612	2
786	19	1462098	1
786	19	1462837	2
786	6	1399899	0
786	7	1403801	2
786	8	1410375	2
787	12	64799	0
787	2	18121	0
787	31	153113	2
787	31	154787	2
787	34	164913	2
787	40	195376	2
787	43	205950	0
787	46	221001	0
787	53	254036	2
787	55	264201	0
787	62	297431	2
787	62	297515	2
787	65	307256	2
787	67	320736	0
787	68	323397	2
787	68	324949	2
787	73	345930	2
787	75	357420	0
787	76	360420	0
787	79	372936	1
787	8	46234	0
787	93	437567	0
787	93	439238	2
788	12	516277	0
788	17	537438	1
788	18	542154	0
788	19	550225	2
788	20	553632	2
788	21	556539	1
788	25	576013	2
788	26	581096	2
788	27	583647	2
788	27	585143	2
788	43	657017	2
788	45	665988	0
788	4	479547	0
788	58	729665	2
788	58	729951	2
788	5	483617	0
788	61	740026	2
788	64	757411	0
788	86	859072	2
788	8	495291	2
788	93	890082	0
788	94	896589	2
789	4	926433	2
789	6	933382	2
790	10	1017047	1
790	11	1022643	2
790	12	1026561	2
790	15	1040348	0
790	16	1043682	2
790	18	1054359	1
790	21	1067668	0
790	22	1073685	2
790	24	1080870	2
790	36	1138517	2
790	42	1165407	2
790	44	1172018	2
790	51	1204129	2
790	51	1207021	2
790	55	1226984	2
790	57	1233667	2
790	60	1246018	0
790	60	1248659	2
790	62	1258333	2
790	67	1279247	0
790	69	1289175	0
790	6	1000338	2
790	78	1331837	2
790	7	1001370	2
790	7	1003051	1
790	85	1362363	0
790	85	1363137	2
790	88	1378563	1
790	90	1389084	2
790	9	1012655	2
791	14	1482515	2
791	1	1423081	2
791	21	1513495	2
791	25	1534416	1
791	26	1535935	0
791	29	1552176	2
791	32	1568376	2
791	35	1578921	2
791	37	1589160	2
791	3	1428486	2
791	42	1613348	2
791	42	1613915	0
791	45	1625809	0
791	45	1626409	2
791	48	1641708	1
791	49	1647039	0
791	58	1685811	2
791	5	1440522	0
791	60	1698266	2
791	63	1709209	2
791	6	1445575	2
791	74	1761448	0
791	74	1763564	2
791	77	1775108	2
791	78	1780502	2
791	85	1811890	2
791	92	1843991	2
791	92	1845884	2
793	14	66427	2
793	14	66526	2
793	21	97620	1
793	22	104351	2
793	24	113000	0
793	30	139225	0
793	38	179765	2
793	39	182202	0
793	40	185439	0
793	42	196232	0
793	45	209246	2
793	48	225377	2
793	56	262207	0
793	56	262434	2
793	5	26469	2
793	65	304935	2
793	65	304966	2
793	68	315266	2
793	71	330858	2
793	72	334465	1
793	80	370911	0
793	80	371472	2
793	81	377038	2
793	86	401893	0
793	93	431725	2
793	95	442239	0
793	96	446886	0
794	10	498098	2
794	10	500192	2
794	15	525247	2
794	1	460382	2
794	22	553809	2
794	29	587148	0
794	29	588516	0
794	33	606915	2
794	37	627573	2
794	38	629128	2
794	38	631442	0
794	38	631580	2
794	3	467025	2
794	46	667765	0
794	51	692450	2
794	51	692478	2
794	53	699630	2
794	70	778448	2
794	71	782186	0
794	73	794237	2
794	79	821907	2
794	79	821975	2
794	83	840750	2
795	10	960513	0
795	21	1011786	2
795	23	1022935	2
795	32	1061496	2
795	34	1070474	0
797	14	69096	2
797	34	160689	2
797	37	176442	2
797	40	191892	2
797	43	205609	2
797	54	253204	2
797	54	253821	0
797	56	262549	2
797	59	278384	2
797	59	279523	2
797	62	292220	0
797	78	368151	0
797	80	373535	0
797	87	409207	0
797	89	415018	2
798	100	932881	2
798	100	935123	2
798	11	522200	2
798	17	551411	0
798	21	568371	0
798	22	573922	0
798	25	586782	1
798	26	590919	1
798	32	617182	2
798	38	647816	2
798	5	495347	2
798	60	751351	2
798	61	753620	2
798	65	772270	2
798	69	791609	0
798	69	792009	2
798	71	802373	2
798	72	803297	2
798	72	803879	0
798	81	844694	2
798	86	869219	2
798	89	884676	0
798	92	898853	1
798	94	908649	1
798	98	923357	2
798	9	513651	2
799	14	1007543	2
799	16	1016261	0
799	16	1016820	0
799	22	1044118	2
799	24	1052327	2
799	24	1052829	2
799	27	1063908	2
799	31	1084821	1
799	32	1091011	0
799	37	1110276	2
799	48	1164745	1
799	4	958660	1
799	50	1174218	2
799	59	1213802	2
799	61	1221966	1
799	67	1249897	2
799	68	1254408	1
799	68	1254842	2
799	75	1288337	2
799	76	1294943	2
799	79	1308848	2
801	10	55153	2
801	14	74571	2
801	18	91224	0
801	20	101320	2
801	21	108060	2
801	21	109478	2
801	25	124269	2
801	26	128817	2
801	26	131325	2
801	33	164969	2
801	36	177023	2
801	40	193721	2
801	41	199661	2
801	47	226783	2
801	64	308699	2
801	65	311461	2
801	68	324110	0
801	69	332345	2
801	6	36199	2
801	78	374670	0
801	7	43751	2
801	7	44314	2
801	80	383776	2
801	81	384674	2
801	83	395516	1
801	91	434598	2
801	93	440478	2
801	96	455953	2
805	10	48788	0
805	10	50493	1
805	14	68476	2
805	16	79173	2
805	18	85015	2
805	19	89699	2
805	1	7403	2
805	1	7670	1
805	23	108607	0
805	36	169181	2
805	37	174037	2
805	39	182043	2
805	3	15437	2
805	55	257765	0
805	62	288776	2
805	63	294235	0
805	66	309267	1
805	69	322130	0
805	77	358821	2
805	78	363709	1
805	78	364391	0
805	79	367687	2
805	80	371645	2
805	84	392331	2
805	87	403881	2
805	87	404292	0
805	96	447097	2
806	11	510483	2
806	11	510588	0
806	13	515744	2
806	15	525916	0
806	23	566048	2
806	34	615545	2
806	36	623569	2
806	37	628144	1
809	10	50287	2
809	13	63180	2
809	20	94583	2
809	23	108358	1
809	42	194392	1
809	44	205335	2
809	46	217407	0
809	57	264506	0
809	5	24733	0
809	5	24998	0
809	62	290029	2
809	65	302555	1
809	67	312292	2
809	68	315825	2
809	68	315962	2
809	69	323000	2
809	71	329125	1
809	71	332919	0
809	74	343953	0
809	75	347559	2
809	7	34556	2
809	7	35171	1
809	88	409461	2
809	96	445711	2
809	97	452249	0
809	97	453009	0
809	99	462533	1
809	9	43261	2
810	13	529953	0
810	16	543805	2
810	21	564105	2
810	23	575321	2
810	26	587323	2
810	28	597414	2
810	36	636080	2
810	3	482537	0
810	44	670453	0
810	52	708141	1
810	53	713271	2
810	53	713475	0
810	5	491931	1
810	60	744630	2
810	60	745978	2
810	62	755111	0
810	71	795542	0
810	77	825517	0
810	90	883631	2
810	92	895247	1
810	95	906731	0
811	11	979205	2
811	14	992285	2
811	17	1003727	0
811	22	1027852	2
811	28	1057222	0
811	29	1060014	2
811	29	1062723	2
811	2	937136	1
811	3	939192	2
814	102	1599907	2
814	10	1177745	1
814	14	1197744	0
814	15	1199480	1
814	16	1203330	2
814	19	1217896	2
814	21	1225890	1
814	30	1268767	0
814	32	1276847	2
814	34	1286900	0
814	38	1305240	1
814	40	1317452	0
814	41	1320193	2
814	45	1336365	2
814	46	1341017	2
814	68	1445995	2
814	6	1160457	1
814	76	1483356	0
814	7	1164554	2
814	80	1498057	2
814	86	1528268	2
814	8	1166275	2
814	93	1559219	2
814	93	1560171	2
814	9	1174295	0
814	9	1174338	1
815	17	1688993	2
815	18	1694422	0
815	20	1704136	2
815	25	1724512	2
815	25	1727640	2
815	26	1729607	0
815	2	1619320	2
815	2	1619463	2
815	35	1771698	1
815	42	1806789	0
815	46	1822010	0
815	46	1822522	2
815	47	1827479	2
815	48	1831336	0
815	49	1835432	2
815	6	1636177	2
815	6	1636794	0
815	9	1649474	2
816	15	1911453	2
816	1	1845441	0
816	29	1978642	0
816	36	2010706	1
816	41	2031046	0
816	41	2035403	1
816	42	2038634	2
816	42	2040180	2
816	48	2067586	2
816	50	2076718	0
816	54	2092618	1
816	59	2118347	1
816	60	2121810	2
816	63	2133896	2
816	63	2138144	2
816	65	2145552	0
816	69	2165972	2
816	6	1868249	2
816	7	1873657	2
818	14	529178	0
818	17	542965	2
818	1	468008	2
818	23	567844	2
818	23	571294	2
818	32	609891	2
818	33	614417	1
818	36	628653	2
818	36	630042	2
818	40	648690	2
818	43	661116	2
818	44	665328	2
818	44	665690	2
818	51	699480	1
818	60	741072	0
818	62	748137	2
818	64	760546	2
818	84	851777	2
818	86	861468	0
818	89	875157	2
818	8	498559	2
818	95	903574	2
819	0	920453	2
819	0	920638	2
819	10	967856	0
819	15	987261	2
819	16	992374	2
819	18	1003828	1
819	1	925851	2
819	22	1023204	2
819	27	1046562	1
819	32	1065646	2
819	35	1080571	1
819	36	1086873	2
819	39	1097772	0
819	39	1101642	2
819	43	1119877	0
819	52	1159841	2
819	55	1173489	0
819	55	1175256	2
819	5	940222	2
819	64	1217458	2
819	65	1220135	2
819	73	1258318	1
819	79	1285055	2
819	80	1289155	0
819	81	1294534	1
819	88	1326297	2
819	8	956753	1
819	97	1368804	2
819	97	1369663	1
820	11	1426581	2
820	14	1436240	0
820	22	1476715	2
820	33	1524505	1
820	40	1558898	2
820	42	1567148	2
820	52	1613676	1
820	52	1614144	1
820	53	1621623	0
820	57	1638054	2
820	62	1659737	2
821	0	1841073	0
821	13	1900022	1
821	16	1913952	2
821	23	1948028	1
821	4	1856835	0
822	4	2023282	2
822	4	2023705	2
822	5	2026119	2
822	5	2030119	0
822	6	2032426	2
823	11	2087901	1
823	1	2040746	2
823	22	2142880	2
823	26	2159082	2
823	27	2165476	1
823	28	2169964	0
823	29	2174977	2
823	2	2046814	2
823	30	2180825	2
823	35	2201568	2
823	38	2219802	2
823	47	2262279	0
823	49	2269897	2
823	49	2270543	2
823	50	2276247	2
823	51	2281031	0
823	51	2281255	2
823	52	2282257	2
823	53	2288528	2
823	53	2290003	0
823	57	2305511	1
823	65	2345979	1
823	6	2064509	2
823	70	2371818	0
823	75	2394682	2
823	75	2394730	2
823	84	2433763	2
823	86	2443887	2
823	87	2449529	2
823	89	2458000	2
823	8	2077223	0
823	90	2463801	0
823	93	2476985	2
823	96	2495223	0
824	14	2570461	0
824	27	2634404	2
824	2	2515282	2
824	31	2653940	2
824	33	2659785	0
824	33	2660304	2
824	34	2668184	2
824	40	2693777	1
824	42	2705679	0
824	43	2706921	2
824	47	2729369	0
824	54	2762748	2
824	57	2776799	2
824	58	2779628	2
824	61	2795899	1
824	66	2816707	2
824	68	2827177	2
824	68	2827477	0
824	72	2845553	2
824	73	2850635	1
824	8	2540317	2
825	20	2948966	2
825	28	2988373	2
825	2	2864369	2
825	31	3001856	2
825	33	3009383	2
825	35	3017656	1
825	36	3024302	2
825	36	3026456	2
825	38	3035849	2
825	3	2866244	2
825	44	3060017	0
825	48	3081320	2
825	49	3085673	0
825	50	3092480	2
825	52	3099076	2
825	53	3105492	2
825	53	3106296	2
825	58	3127719	2
825	61	3144332	2
825	65	3159284	0
825	74	3201110	2
825	74	3202032	0
825	7	2886192	2
825	80	3231131	0
825	85	3255106	2
825	86	3260151	2
825	87	3262962	0
825	8	2894208	2
825	90	3278148	2
825	90	3279872	0
825	91	3281596	2
825	93	3291457	2
825	96	3308159	2
825	97	3311495	1
825	9	2897012	2
826	14	3379417	2
826	15	3384170	2
826	23	3420969	2
826	29	3450422	2
826	2	3326881	1
826	30	3458092	0
826	32	3463518	2
826	33	3468691	0
826	38	3491012	2
826	3	3330549	0
826	41	3509142	0
826	42	3512297	1
826	43	3514781	2
826	45	3525129	0
826	47	3534636	2
826	48	3540315	0
826	49	3543862	1
826	50	3549011	2
826	55	3571083	0
826	59	3591109	2
826	59	3592233	2
826	61	3599624	2
826	6	3345856	0
827	13	3681971	2
827	14	3687038	2
827	17	3701603	2
827	23	3728520	2
827	23	3732114	1
827	2	3629088	1
827	2	3629282	2
827	30	3762070	2
827	33	3776612	2
827	37	3797403	2
827	37	3797464	1
827	40	3809866	2
827	4	3641233	2
827	51	3860362	1
827	64	3920734	0
827	70	3949839	2
827	77	3980271	0
827	79	3990946	2
827	7	3656929	2
827	81	3999530	0
827	89	4038280	2
827	8	3659484	2
827	90	4042283	1
827	91	4047601	1
827	94	4062268	0
828	11	4134150	2
828	14	4148690	2
828	16	4157841	1
828	24	4193259	2
828	30	4223229	2
828	32	4231720	0
828	35	4245894	2
828	38	4258965	2
828	3	4094330	1
828	40	4265508	1
828	42	4276421	2
828	46	4295774	2
828	51	4318964	0
828	55	4338960	2
828	5	4102399	2
828	5	4104609	2
828	60	4361110	2
828	63	4376865	1
828	63	4377005	2
828	70	4409109	2
828	77	4441990	1
828	7	4112144	2
828	83	4466383	2
828	84	4474291	1
828	8	4116455	2
828	90	4501130	1
828	91	4506459	2
828	93	4514507	2
829	11	4579509	1
829	13	4589035	2
829	15	4600478	2
829	15	4600940	2
829	19	4616889	0
829	1	4535617	2
829	23	4635485	2
829	23	4637198	1
829	27	4657614	2
829	28	4660841	2
829	31	4674441	0
829	38	4706014	0
829	39	4711607	0
829	40	4715167	2
829	44	4735182	2
829	45	4741141	2
829	46	4742397	0
829	50	4763067	2
829	61	4813131	2
829	62	4818774	2
829	63	4824634	2
829	64	4826024	2
829	64	4826287	2
829	65	4830026	2
829	67	4840242	2
829	6	4559187	0
829	71	4861399	2
829	73	4867234	2
829	74	4871808	1
829	79	4898755	2
829	7	4563686	2
829	83	4915302	0
829	83	4915570	2
829	83	4917056	2
829	87	4935952	2
829	87	4936325	2
829	88	4938766	2
829	88	4940168	2
830	14	5049455	2
830	22	5084932	0
830	28	5114932	2
830	38	5157908	0
830	39	5163175	0
830	41	5174124	2
830	43	5182927	2
830	48	5204853	1
830	49	5210477	0
830	51	5218809	0
830	51	5220527	0
830	53	5231504	0
830	57	5246659	2
830	57	5249369	2
830	59	5259470	2
830	63	5273850	2
830	8	5020672	0
832	10	50734	2
832	11	59146	2
832	15	74622	2
832	16	82638	2
832	18	89413	2
832	19	93060	0
832	23	112844	1
832	23	113060	2
832	3	20909	2
832	7	39799	2
833	15	196798	1
833	16	201679	2
833	16	205556	2
833	18	214543	1
833	21	226920	1
833	22	229836	0
833	24	241004	2
833	32	277606	0
833	38	305344	2
833	39	309855	1
833	39	312124	2
833	41	320351	2
833	44	334074	2
833	49	357294	2
833	49	357450	2
833	4	147172	2
833	50	361013	2
833	50	362026	2
833	51	369035	2
833	54	380914	0
833	56	391177	1
833	57	392607	2
833	5	150380	2
833	60	407578	2
833	61	413548	2
833	65	434146	2
833	66	435853	2
833	67	439401	1
833	6	156788	2
833	72	463055	2
833	72	463308	2
833	72	465524	2
833	76	483501	1
833	78	490829	2
833	79	499380	0
833	82	512959	2
833	84	519907	2
833	84	520339	2
833	87	535333	1
833	90	549975	2
833	93	564032	2
833	9	168803	2
833	9	172599	0
834	11	631819	0
834	14	643574	1
834	16	652406	0
834	16	653747	2
834	18	662932	2
834	19	665593	1
834	19	667403	2
834	20	673712	2
834	21	675312	1
834	21	678264	2
834	22	682426	2
834	28	708204	2
834	2	588311	2
834	6	607409	1
834	7	612915	1
834	8	614789	2
834	8	615061	1
834	9	622564	1
836	14	68391	2
836	17	85489	2
836	21	102443	2
836	24	117657	2
836	27	129336	2
836	28	137371	2
836	42	203996	0
836	43	207960	2
836	45	216810	2
836	50	240232	2
836	53	254943	2
836	55	260528	2
836	62	293642	0
836	65	308492	0
836	66	315173	2
836	70	334187	2
836	83	394184	1
836	87	412478	2
836	94	446310	0
837	12	511189	2
837	27	579831	1
837	27	582428	2
837	30	593144	0
837	31	598051	0
837	32	605625	0
837	42	649927	1
837	42	652919	2
837	46	668622	0
837	48	677419	2
837	4	473598	0
837	50	686835	2
837	51	692339	1
837	53	702844	0
837	61	742008	0
837	64	751998	2
837	64	753970	2
837	66	761847	1
837	68	770938	0
837	6	480590	2
837	70	782978	2
837	81	833921	0
837	82	839172	0
837	84	848895	0
837	86	858103	2
837	89	872268	1
837	91	881707	2
840	10	53946	0
840	12	60379	2
840	13	64809	2
840	14	71190	2
840	16	79604	2
840	1	10947	2
840	22	107496	2
840	27	129994	1
840	39	189237	0
840	56	264778	2
840	58	277982	0
840	62	292757	2
840	64	305884	2
840	67	315855	2
840	69	329802	0
840	72	341587	2
840	73	346780	2
840	79	375936	1
840	7	37796	2
840	7	39924	0
840	83	391929	2
840	85	402666	1
840	85	404636	0
840	89	418989	1
840	8	44332	2
840	91	428855	2
840	91	430092	2
841	11	489144	0
841	22	540865	2
841	23	544936	2
841	26	559356	1
841	35	600823	1
841	39	618062	2
841	45	646062	0
841	48	660268	1
841	49	664010	0
841	58	707931	0
841	6	464148	0
841	89	852927	0
841	8	471549	0
841	91	858728	0
841	91	860504	1
841	91	862485	0
841	91	862983	1
841	92	867334	2
842	101	1366152	2
842	103	1377225	2
842	105	1383629	2
842	105	1384220	0
842	105	1387020	0
842	17	975355	2
842	28	1028434	2
842	2	906747	2
842	33	1050648	0
842	38	1074512	1
842	43	1096612	0
842	45	1104447	0
842	47	1117076	2
842	49	1125033	0
842	4	914851	0
842	50	1127705	2
842	51	1132555	2
842	51	1136299	2
842	52	1140131	2
842	55	1154890	2
842	57	1163036	2
842	57	1163648	2
842	59	1173538	2
842	65	1200023	1
842	65	1200489	2
842	65	1201220	0
842	66	1204199	2
842	72	1234788	0
842	87	1304291	0
842	88	1306680	2
842	8	935880	1
842	91	1318462	1
842	94	1333023	2
842	95	1338852	2
842	99	1360026	2
842	99	1360142	1
843	10	1452256	2
843	11	1454719	2
843	14	1471316	2
843	14	1471552	2
843	20	1498220	2
843	21	1502401	0
843	22	1508053	2
843	23	1514343	1
843	34	1562508	2
843	34	1563246	2
843	34	1563657	2
843	34	1565347	2
843	34	1566198	0
843	37	1576744	2
843	37	1579626	2
843	39	1588626	2
843	45	1613633	1
843	47	1622854	2
843	5	1428443	2
843	7	1438545	2
843	7	1440116	0
844	12	62211	0
844	13	67007	2
844	15	74915	2
844	18	88565	2
844	1	10839	1
844	20	97805	1
844	21	103150	0
844	21	103332	2
844	25	119449	0
844	2	12708	2
844	33	160506	2
844	3	18442	1
844	44	211496	2
844	4	22083	2
844	4	24160	1
844	54	257162	0
844	54	258321	1
844	58	275214	2
844	58	275970	1
844	59	278039	2
844	59	280756	1
844	62	295889	2
844	69	326369	2
844	72	339092	2
844	73	347666	2
844	75	356420	2
844	78	366869	2
844	78	368763	2
844	86	407734	2
844	8	43507	1
844	95	449353	1
844	96	451573	0
844	97	455270	2
844	9	47480	2
845	12	524632	0
845	13	528072	2
845	15	537165	2
845	15	541057	1
845	16	543351	2
845	16	544026	2
845	18	552321	2
845	20	561597	2
845	26	588762	2
845	28	601411	2
845	29	603995	2
845	29	604776	2
845	2	479971	2
845	34	627788	2
845	38	648747	2
845	3	484623	2
845	40	656677	2
845	40	657342	2
845	44	673820	2
845	46	683864	0
845	50	702711	2
845	51	708075	2
845	51	708320	2
845	55	725206	0
845	60	749794	2
845	60	750939	2
845	60	751107	2
845	61	754577	0
845	79	839666	0
845	87	877172	2
845	89	885133	2
845	91	891637	2
845	91	893578	0
845	92	898923	2
846	11	978975	2
846	13	990394	2
846	14	991675	2
846	14	991930	1
846	19	1016524	2
846	1	935052	0
846	24	1040584	1
846	27	1053827	1
846	34	1084733	0
846	35	1090651	2
846	35	1092014	2
846	3	940809	1
846	42	1125442	0
846	48	1153326	2
846	4	947365	1
846	52	1171648	2
846	54	1177650	2
846	57	1191642	2
846	58	1198834	0
846	5	953885	1
846	8	965927	2
849	13	70945	2
849	14	75753	2
849	17	90944	2
849	19	99441	2
849	21	106129	2
849	21	107561	0
849	21	109716	2
849	23	118356	2
849	27	136084	2
849	29	142877	0
849	29	144102	0
849	29	146760	2
849	30	148088	0
849	31	152915	2
849	37	182209	2
849	3	21481	0
849	40	195185	2
849	44	214807	1
849	45	218034	2
849	46	226316	0
849	48	234038	2
849	51	248501	2
849	53	255498	2
849	56	269824	2
849	57	273797	2
849	59	285640	2
849	60	288911	0
849	62	297649	2
849	62	299591	0
849	64	308689	0
849	73	352565	0
849	74	354881	1
849	75	359137	2
849	79	378807	1
849	80	383503	0
849	81	387121	0
849	87	414844	2
849	96	459777	0
849	97	465908	0
850	100	938998	2
850	101	943926	2
850	13	538134	1
850	21	573911	0
850	21	575489	2
850	23	584424	2
850	28	606232	0
850	30	615941	2
850	41	666988	2
850	43	677969	0
850	46	691273	2
850	56	736975	2
850	6	504816	0
850	6	505467	2
850	77	833032	0
850	81	852527	2
850	81	853954	1
850	82	856993	0
850	89	888645	2
850	89	889604	2
851	11	1003324	1
851	12	1009062	2
851	1	959945	2
851	22	1054704	2
851	24	1061743	2
851	27	1078412	2
851	28	1081055	1
851	2	960635	2
851	36	1117220	0
851	40	1135634	2
851	42	1145468	2
851	43	1150391	1
851	43	1152472	2
851	44	1153142	2
851	50	1184884	2
851	51	1188840	2
851	56	1211366	2
851	62	1235203	0
851	65	1251117	2
851	65	1251319	2
851	67	1260005	2
851	69	1270201	1
851	70	1272104	0
851	71	1278650	2
851	71	1280350	2
851	77	1303890	2
851	9	996555	1
854	11	55243	2
854	15	76015	0
854	17	82546	2
854	26	126207	0
854	26	128109	2
854	28	134396	2
854	28	136718	2
854	30	142193	2
854	31	147347	0
854	31	148050	0
854	40	191466	0
854	42	198302	2
854	47	222936	2
854	49	230453	2
854	49	231269	0
854	4	23045	2
854	4	24902	2
854	50	233889	2
854	54	256732	0
854	58	271377	2
854	58	273366	2
854	59	277094	1
854	62	293824	2
854	63	294705	2
854	63	296788	2
854	66	310548	2
854	67	314435	2
854	68	318933	2
854	69	323330	2
854	6	34324	2
854	73	342307	2
854	74	350078	0
854	7	39449	2
854	81	379693	0
854	84	394270	2
854	84	394561	2
854	85	399952	0
854	87	410372	2
854	91	426469	2
854	91	427869	0
941	11	2078630	2
941	21	2126726	2
941	26	2152645	2
941	33	2189361	2
941	41	2228195	2
941	5	2048256	2
941	6	2051952	2
941	9	2068516	2
942	0	2246880	2
942	10	2302209	2
942	11	2307079	2
942	11	2307686	2
942	12	2313328	0
942	13	2320666	2
942	17	2338720	2
942	17	2338927	2
942	17	2340173	0
942	18	2345266	2
942	1	2249740	0
942	1	2252784	2
942	20	2356127	0
942	21	2360668	2
942	21	2364541	2
942	22	2371035	2
942	23	2375765	2
942	24	2382655	0
942	25	2385240	2
942	25	2388919	2
942	27	2399129	2
942	2	2259117	2
942	3	2264022	2
942	3	2264811	2
942	4	2265991	2
942	5	2272940	2
942	6	2276277	2
942	6	2278560	2
942	6	2281020	2
942	7	2283104	2
942	7	2284417	2
942	8	2288322	2
942	8	2290090	2
942	8	2290270	2
942	8	2290712	2
942	9	2295687	2
943	0	2409455	1
943	0	2411441	0
943	10	2466255	0
943	11	2469316	0
943	11	2469322	2
943	12	2474592	1
943	12	2477881	2
943	13	2484368	2
943	14	2486328	2
943	14	2489110	2
943	14	2490319	2
943	16	2496849	2
943	16	2502484	2
943	17	2502530	2
943	17	2503350	2
943	18	2508414	2
943	19	2514604	2
943	19	2514926	2
943	19	2519522	2
943	19	2519749	2
943	1	2413117	0
943	1	2414291	0
943	1	2417133	2
943	20	2523881	2
943	21	2525789	2
943	21	2529889	2
943	22	2532289	2
943	23	2540063	2
943	24	2546586	2
943	25	2549449	2
943	27	2559961	2
943	27	2563376	2
943	28	2565350	2
943	28	2566961	2
943	3	2423011	2
943	5	2434403	2
943	6	2441192	2
943	6	2442668	2
943	7	2446969	2
943	8	2454800	2
943	9	2456792	2
944	0	2573925	2
944	10	2628256	2
944	10	2631683	2
944	11	2633611	2
944	11	2634702	2
944	11	2635184	2
944	11	2636157	2
944	12	2640246	2
944	16	2661496	2
944	18	2672102	2
944	18	2672466	1
944	19	2680012	2
944	1	2575818	1
944	1	2580802	2
944	20	2683410	2
944	20	2686396	2
944	20	2688565	2
944	21	2690515	2
944	23	2705141	2
944	26	2717382	0
944	26	2719324	2
944	26	2719986	2
944	27	2724466	2
944	27	2727584	0
944	29	2735347	2
944	2	2584902	0
944	30	2741088	2
944	30	2744162	0
944	30	2744997	2
944	31	2747637	2
944	3	2591797	2
944	4	2593451	2
944	4	2594651	0
944	4	2595724	2
944	5	2598521	2
944	6	2608985	2
944	7	2611318	2
944	7	2613313	2
944	8	2617714	2
944	8	2618376	2
945	0	2751017	2
945	0	2751422	2
945	0	2752861	2
945	0	2752916	2
945	11	2816858	2
945	11	2817013	2
945	12	2820248	2
945	14	2832802	2
945	14	2833392	0
945	15	2839054	0
945	17	2847716	2
945	18	2854913	0
945	19	2862023	2
945	1	2756313	2
945	21	2873348	1
945	22	2881710	2
945	23	2885964	0
945	26	2902461	2
945	27	2905821	2
945	27	2906781	2
945	28	2912837	2
945	29	2918352	2
945	2	2762638	2
945	3	2770702	2
945	4	2777333	1
945	4	2777735	2
945	5	2780920	0
945	5	2782314	2
945	5	2784369	2
945	7	2794502	2
945	8	2800294	0
945	8	2801098	2
946	0	2927005	2
946	0	2929022	2
946	10	2987326	2
946	10	2987651	2
946	11	2991439	2
946	11	2992753	2
946	12	2994297	2
946	12	2997456	2
946	13	3000830	0
946	14	3008923	2
946	14	3010550	2
946	15	3013022	2
946	16	3018690	2
946	18	3029511	2
946	18	3032395	0
946	19	3035668	2
946	19	3036186	2
946	19	3036597	0
946	21	3047036	2
946	22	3055805	2
946	23	3058172	0
946	24	3065622	2
946	24	3067210	2
946	25	3069369	2
946	25	3071105	2
946	26	3076472	2
946	26	3077511	2
946	29	3094066	2
946	2	2936622	2
946	2	2937015	2
946	2	2938919	2
947	0	3098602	2
947	0	3099913	2
947	10	3156584	2
947	10	3160534	2
947	12	3167846	2
947	12	3168526	2
947	12	3169089	1
947	12	3172963	2
947	13	3175562	1
947	13	3177441	1
947	14	3183449	2
947	14	3184077	2
947	14	3184396	2
947	15	3187728	2
947	15	3190193	2
947	16	3192518	2
947	17	3201856	2
947	17	3204096	2
947	17	3204213	2
947	18	3208901	1
947	18	3210038	0
947	19	3210589	0
947	19	3215235	2
947	1	3101532	2
947	1	3106177	2
947	20	3222381	2
947	21	3224454	2
947	21	3224848	2
947	2	3110094	2
947	2	3111121	2
947	2	3111271	2
947	2	3112713	2
947	3	3116242	2
947	3	3116367	2
947	4	3119616	2
947	4	3123000	2
947	5	3125288	2
947	5	3130592	0
947	8	3144669	0
947	8	3146249	2
879	0	117272	2
879	10	245317	2
879	12	258556	0
879	13	272187	2
879	13	280724	2
879	14	289509	0
879	15	300933	2
879	17	321377	0
879	18	332524	2
879	19	343900	2
879	19	347218	2
879	1	130592	0
879	1	133697	2
879	20	351942	2
879	20	354198	2
879	22	374402	2
879	22	381952	2
879	23	385333	2
879	23	391928	2
879	24	401781	2
879	24	402888	2
879	24	405714	2
879	24	407376	2
879	24	407489	2
879	25	411138	2
879	25	418238	2
879	26	425607	2
879	27	438184	0
879	27	438264	0
879	27	439169	2
879	27	440369	2
879	28	446100	2
879	28	447256	2
879	28	450533	2
879	29	461686	2
879	2	150437	2
879	30	467041	2
879	31	482008	2
879	31	482874	2
879	31	483666	2
879	32	488795	2
879	3	153287	2
879	3	156949	2
879	5	176347	2
879	5	177925	2
879	5	181827	2
879	5	183393	2
879	5	186115	2
879	6	196515	0
879	6	198550	2
879	6	198731	2
879	7	206771	2
879	8	215269	2
879	9	225342	2
879	9	227874	2
879	9	228708	0
879	9	232492	2
880	0	493331	2
880	0	499387	2
880	0	501020	2
880	10	606872	2
880	11	622481	2
880	12	628937	2
880	15	662950	2
880	15	667465	0
880	15	672184	2
880	16	674970	2
880	16	678105	0
880	17	692893	2
880	18	699806	2
880	18	703496	0
880	19	708678	2
880	1	505837	2
880	3	530847	2
880	3	535865	0
880	4	538145	2
880	5	550454	2
880	5	556064	2
880	7	578168	2
880	8	581783	2
880	8	586366	2
881	0	712464	2
881	10	824215	2
881	10	825270	2
881	10	826831	2
881	10	832140	2
881	11	836610	2
881	11	842061	2
881	12	847636	2
881	1	726545	2
881	2	734360	2
881	2	738571	0
881	3	745540	2
881	3	753988	2
881	4	757006	2
881	4	764975	2
881	6	781288	2
881	8	800975	2
881	8	805042	2
881	8	806961	2
881	9	812525	2
881	9	814154	0
881	9	819606	2
884	12	142577	2
884	13	161521	0
884	16	189511	2
884	17	201404	2
884	19	228797	2
884	19	232423	2
884	21	250389	2
884	37	434230	2
884	40	471341	2
884	42	498480	2
884	44	522167	2
885	11	137142	2
885	11	139474	2
885	12	149600	2
885	12	153701	2
885	13	160098	0
885	14	166937	2
885	15	187169	2
885	16	189096	0
885	18	217642	2
885	19	231210	0
885	20	233632	2
885	21	243216	2
885	21	250899	2
885	23	264726	2
885	23	270824	2
885	27	313998	2
885	27	314286	2
885	27	315707	2
885	28	322748	2
885	28	325588	2
885	28	329393	2
885	29	340339	2
885	30	345533	2
885	32	364496	2
885	32	365309	0
885	32	370080	2
885	33	377962	0
885	33	380651	2
885	36	413293	2
885	37	420974	0
885	37	423474	2
885	37	426687	2
885	37	426769	2
885	38	434837	2
885	38	435395	2
885	39	441519	0
885	39	444828	2
885	40	458338	0
885	4	59642	2
885	4	66162	2
885	7	88941	2
885	7	98577	2
885	9	115211	2
886	1	484526	2
886	4	518861	0
886	4	522585	2
886	5	524745	2
886	5	524821	2
886	6	536486	2
886	6	543360	2
886	7	545756	2
886	7	551370	2
886	8	559940	2
888	0	585127	2
888	0	589010	2
888	0	590991	2
888	0	591093	2
888	1	592550	2
888	1	592759	2
888	1	593734	0
888	1	595293	2
888	2	598690	2
889	0	605522	2
889	0	607358	2
889	0	610642	2
889	11	718008	2
889	12	730631	2
889	12	731857	2
889	13	741019	2
889	15	764976	2
889	15	768166	2
889	16	769922	2
889	16	773530	2
889	16	774949	2
889	16	776575	2
889	17	788077	2
889	18	789985	2
889	19	804112	2
889	19	808675	2
889	1	618972	2
889	20	820082	2
889	22	835644	2
889	23	841557	0
889	23	848281	2
889	25	866634	2
889	25	869956	2
889	2	629742	0
889	3	635572	2
889	4	649983	2
889	6	670171	2
889	7	676907	2
889	7	676991	2
889	7	677522	2
889	9	700574	2
893	0	3997	2
893	0	12761	2
893	10	99004	2
893	11	107946	2
893	11	113262	2
893	13	125250	2
893	13	127483	2
893	13	131227	2
893	13	132554	2
893	14	134691	2
893	14	135642	2
893	15	149847	2
893	16	151714	2
893	16	155934	2
893	16	160092	2
893	16	160272	2
893	17	167174	2
893	17	168656	2
893	1	15294	2
893	20	190684	2
893	20	195381	2
893	20	195991	0
893	21	198965	2
893	21	204403	2
893	22	210721	2
893	24	224906	2
893	24	225241	2
893	2	23739	2
893	2	25241	2
893	3	41349	2
893	4	46318	2
893	4	46967	2
893	4	49042	2
893	5	53011	2
893	5	54016	2
893	5	59218	2
893	6	66150	2
893	6	67335	2
893	7	70766	2
893	7	77425	0
893	8	79814	2
893	8	80785	2
893	8	84036	2
893	8	84224	2
893	9	89640	2
893	9	92529	2
893	9	94141	2
894	0	234112	0
894	0	236251	2
894	10	326434	2
894	11	333184	2
894	12	344475	2
894	12	346143	2
894	12	347343	2
894	13	353880	0
894	13	357085	2
894	16	383556	2
894	16	384082	2
894	17	387288	0
894	17	390076	2
894	17	393136	2
894	18	399434	0
894	2	254007	2
894	3	259070	2
894	3	263090	2
894	3	265622	2
894	4	274282	2
894	5	277743	2
894	5	277806	2
894	6	286968	2
894	6	292919	2
894	8	304924	2
894	8	307215	0
894	9	312729	2
895	0	407821	2
895	0	410935	0
895	10	495633	2
895	10	496666	2
895	10	503145	2
895	11	505912	2
895	12	514311	2
895	12	517180	2
895	13	528253	2
895	14	532794	2
895	16	553344	2
895	17	568182	2
895	1	419368	2
895	1	420900	2
895	2	423246	2
895	3	433619	2
895	3	437095	2
895	4	448358	2
895	5	449593	2
895	6	460502	2
895	6	464390	2
895	7	475108	2
895	8	477421	2
895	8	482771	2
895	8	483465	2
896	0	581253	2
896	10	676371	2
896	10	679313	2
896	13	706745	2
896	15	726025	2
896	15	731456	2
896	16	733433	2
896	1	587268	2
896	2	598489	2
896	2	598982	2
896	2	601222	2
896	2	602437	2
896	3	611150	2
896	3	612345	2
896	4	618868	2
896	4	623992	2
896	4	625397	0
896	5	628107	2
896	5	635646	2
896	5	635838	2
896	9	668173	2
897	10	836739	0
897	10	839039	2
897	11	847259	2
897	11	847285	2
897	11	853675	2
897	12	859570	2
897	13	868547	2
897	17	901092	2
897	2	763343	0
897	3	775066	2
897	4	784050	2
897	5	788953	2
897	5	793075	2
897	6	797769	2
897	6	799213	2
897	6	799893	2
897	6	804760	2
897	6	804881	2
897	6	805048	2
897	6	806193	2
897	7	811872	2
897	7	812386	2
897	7	814629	2
897	7	815269	2
897	8	819012	2
897	9	827134	0
897	9	829064	2
897	9	830325	2
897	9	834599	2
898	10	1016113	2
898	11	1020838	2
898	12	1029402	2
898	12	1035078	2
898	13	1038584	2
898	14	1044734	2
898	15	1057887	2
898	15	1060436	2
898	15	1061730	2
898	17	1074070	2
898	19	1093292	2
898	19	1093702	2
898	1	924989	2
898	1	928868	2
898	1	930364	2
898	2	934481	2
898	2	934689	2
898	2	937143	2
898	3	947521	0
898	4	954349	2
898	4	955603	2
898	4	958334	2
898	4	960132	2
898	6	973009	2
899	0	1106295	2
899	0	1110286	2
899	10	1201482	2
899	11	1210164	2
899	11	1211028	2
899	11	1215128	2
899	12	1224286	2
899	13	1229279	2
899	13	1232266	2
899	15	1254137	2
899	15	1254263	2
899	18	1276984	2
899	1	1115190	0
899	4	1144651	2
899	5	1155872	2
899	6	1166927	2
899	6	1168981	2
899	7	1177921	2
899	8	1181141	2
899	8	1182192	2
899	8	1187385	2
899	9	1195974	2
900	10	1389732	2
900	10	1391452	2
900	12	1409243	2
900	12	1413240	2
900	13	1425165	2
900	14	1432682	2
900	16	1447494	2
900	16	1447757	2
900	16	1452880	2
900	17	1461772	2
900	19	1477831	0
900	1	1305437	2
900	1	1308295	2
900	20	1493243	2
900	21	1501349	2
900	2	1318036	2
900	3	1328754	2
900	6	1350963	2
900	7	1365865	2
900	8	1373926	2
900	9	1381523	2
901	0	1503762	0
901	0	1504650	0
901	0	1506210	2
901	0	1509858	2
901	0	1509906	2
901	10	1608364	2
901	11	1613257	2
901	11	1614831	2
901	11	1618141	2
901	12	1625662	2
901	13	1632468	0
901	13	1633943	2
901	13	1636823	2
901	16	1666846	2
901	17	1675373	2
901	18	1677378	2
901	18	1678917	2
901	18	1686344	2
901	1	1513663	2
901	20	1697574	2
901	20	1705652	2
901	20	1705826	2
901	21	1710103	2
901	22	1719101	2
901	22	1720888	2
901	2	1522703	2
901	2	1526785	0
901	3	1532920	2
901	4	1542462	2
901	4	1545991	2
901	5	1552412	2
901	6	1569604	0
901	7	1570918	2
901	7	1573068	2
901	8	1581149	2
901	8	1582685	2
901	8	1583621	2
901	9	1595245	2
901	9	1596970	2
902	10	1822447	2
902	10	1827088	2
902	10	1828255	0
902	13	1849580	2
902	13	1854039	2
902	13	1854444	2
902	14	1862920	2
902	15	1875105	2
902	17	1888879	2
902	18	1896315	2
902	19	1913110	2
902	1	1731059	2
902	20	1922674	2
902	2	1745894	2
902	3	1754231	2
902	3	1758672	2
902	4	1761262	2
902	4	1761947	2
902	4	1769348	2
902	5	1772165	2
902	5	1778784	2
902	6	1781349	2
902	7	1791575	2
902	7	1797982	2
903	10	2043609	2
903	10	2046487	2
903	11	2058847	2
903	11	2059748	2
903	13	2079139	2
903	15	2094187	2
903	16	2111162	2
903	20	2141885	0
903	20	2146635	2
903	21	2152015	2
903	21	2155679	2
903	22	2164906	2
903	3	1974145	2
903	3	1977063	2
903	4	1985322	0
903	5	1990615	2
903	7	2020305	0
903	9	2030797	2
903	9	2031281	2
908	0	3126	2
908	11	121823	2
908	11	124758	2
908	12	127112	2
908	12	134512	2
908	13	139225	0
908	13	141095	2
908	14	151320	0
908	14	155275	2
908	15	165768	2
908	16	171386	2
908	17	186094	2
908	19	206323	2
908	1	18710	2
908	20	211596	0
908	21	219229	2
908	5	61292	2
908	6	67792	2
908	6	68270	2
908	6	73840	2
908	8	88408	2
908	8	94603	2
908	9	95648	0
908	9	97028	0
908	9	97118	2
908	9	97917	2
909	0	232785	2
909	10	338012	2
909	10	342011	2
909	10	342684	2
909	11	349265	2
909	11	350656	2
909	12	359853	2
909	13	365591	2
909	13	368084	2
909	13	372207	2
909	14	378558	2
909	14	379726	2
909	15	392649	2
909	16	400106	2
909	18	416977	2
909	18	422207	2
909	18	422833	2
909	19	432063	2
909	19	434064	2
909	2	253485	2
909	2	254252	2
909	2	256051	2
909	3	260549	2
909	3	261628	2
909	5	288063	0
909	6	291754	2
909	6	294562	2
909	6	298790	2
909	8	312133	2
909	8	312738	2
909	8	320895	2
909	9	329571	2
909	9	331200	0
909	9	331657	0
912	0	473056	0
912	10	572941	2
912	11	584078	2
912	11	589857	2
912	13	607955	2
912	14	617517	2
912	15	631668	2
912	16	640172	2
912	18	654974	2
912	18	656201	2
912	19	667473	2
912	1	486216	2
912	20	677691	2
912	2	490021	2
912	2	493262	2
912	4	508777	2
912	8	558792	0
913	0	686644	2
913	0	690170	2
913	11	805075	2
913	12	810748	2
913	12	816001	2
913	15	848827	2
913	16	851405	2
913	16	851774	2
913	16	853557	0
913	17	867276	2
913	18	880774	2
913	1	698949	2
913	1	700160	2
913	1	701924	2
913	1	702056	0
913	1	702208	2
913	5	737565	0
913	5	737631	2
913	6	753133	2
913	6	753232	2
913	7	760938	2
913	7	762891	2
913	8	767645	2
913	8	773076	2
913	9	779493	2
914	0	918149	2
914	10	1032806	2
914	11	1033308	2
914	12	1054059	2
914	14	1075706	2
914	17	1101530	2
914	19	1128864	2
914	20	1135169	2
914	20	1138231	2
914	20	1138620	2
914	21	1145617	2
914	21	1149250	2
914	5	973136	2
914	6	981635	2
914	8	1001825	2
914	8	1006571	2
914	9	1012447	2
914	9	1012998	2
914	9	1019917	2
915	0	1156393	0
915	10	1262017	2
915	11	1266601	2
915	12	1282263	2
915	13	1286761	2
915	14	1301879	2
915	1	1167870	0
915	2	1175299	2
915	2	1183824	2
915	3	1185614	2
915	3	1194608	2
915	5	1210445	2
915	7	1230649	2
915	8	1240770	0
915	9	1251770	2
918	0	4578	2
918	1	15200	2
918	2	25280	2
918	2	26247	2
918	2	27255	2
918	2	29488	2
918	4	43794	2
918	4	46563	2
918	6	63773	2
921	11	124621	2
921	12	135568	2
921	12	140238	2
921	13	150734	0
921	14	157256	2
921	15	161917	0
921	15	162852	2
921	15	166644	2
921	17	182432	2
921	17	188647	2
921	18	196652	2
921	18	198083	2
921	19	203715	2
921	2	25330	2
921	2	31671	2
921	4	49941	2
921	5	63642	2
921	6	76652	2
921	8	94259	2
922	0	219659	0
922	11	333751	2
922	11	334075	2
922	13	349489	2
922	13	356698	2
922	15	371541	2
922	15	372558	0
922	16	380044	2
922	17	394960	2
922	1	225611	2
922	3	243892	2
922	3	246919	0
922	4	252908	2
922	4	255364	2
922	4	256808	0
922	6	280258	2
922	8	301753	2
923	0	423326	2
923	10	524668	0
923	12	552597	2
923	13	555024	2
923	13	561006	2
923	14	563863	2
923	14	567181	0
923	16	586265	2
923	17	599582	2
923	1	430132	2
923	3	455401	2
923	5	469117	2
923	5	470441	2
923	9	517899	2
923	9	519906	0
924	13	760530	2
924	15	779163	0
924	17	794982	0
924	17	799404	2
924	2	643385	0
924	3	650899	0
924	3	652769	2
924	3	657876	2
924	5	677941	2
924	7	694323	2
924	7	698795	2
924	8	701873	2
924	8	703783	2
924	8	708965	2
924	9	721420	2
925	0	799944	2
925	0	804833	2
925	0	807343	2
925	11	911983	2
925	11	912618	2
925	12	926517	2
925	13	935521	0
925	14	940702	2
925	16	960634	2
925	1	815570	2
925	2	819807	2
925	2	823764	2
925	3	829886	2
925	3	834884	2
925	3	835127	2
925	3	836860	2
925	3	837390	0
925	3	838229	2
925	4	848697	2
925	5	853751	2
925	6	863568	2
925	7	871751	2
925	7	877190	2
925	7	877741	2
925	8	882578	2
925	8	887071	0
926	0	984101	2
926	0	984136	2
926	11	1092425	0
926	11	1096137	2
926	12	1101444	2
926	12	1102751	2
926	13	1119237	2
926	14	1122546	2
926	15	1133585	2
926	16	1144314	2
926	17	1152013	2
926	17	1153140	2
926	17	1155972	2
926	2	1004281	2
926	4	1024911	2
926	4	1025661	2
926	6	1040892	0
926	6	1047674	0
926	6	1049902	2
926	7	1054130	2
926	7	1057265	2
926	7	1057722	2
926	8	1065198	0
926	8	1066111	2
926	8	1067963	2
927	0	1168165	2
927	10	1264690	2
927	10	1265033	2
927	11	1273141	2
927	12	1288192	0
927	12	1289781	2
927	13	1298095	2
927	14	1304829	2
927	15	1319567	2
927	16	1321418	2
927	16	1328643	2
927	17	1333463	2
927	1	1169935	2
927	1	1170173	2
927	1	1176695	0
927	3	1190468	2
927	3	1198451	2
927	4	1199678	2
927	4	1201015	2
927	4	1205062	2
927	5	1211807	0
927	6	1225719	0
927	7	1238168	2
927	9	1252148	2
929	0	2894	2
929	0	5170	2
929	0	8595	2
929	0	9155	2
929	10	104669	2
929	11	111794	2
929	11	118856	2
929	12	127925	2
929	12	128133	2
929	1	14513	2
929	2	25234	2
929	3	31867	2
929	4	40993	0
929	4	43997	2
929	5	51524	2
929	5	55672	0
929	7	69923	2
930	11	250138	2
930	12	266077	2
930	13	272835	2
930	14	277950	2
930	1	148059	2
930	1	148156	2
930	1	152876	2
930	2	158204	2
930	3	171519	2
930	3	173201	2
930	4	179182	2
930	4	179684	2
930	4	183276	2
930	5	184591	2
930	5	184657	2
930	5	187382	2
930	5	192135	2
930	9	227970	2
931	0	281239	2
931	0	281316	2
931	10	369930	2
931	10	370479	0
931	10	374699	2
931	10	377148	2
931	11	381120	2
931	12	387960	2
931	1	290322	2
931	3	307859	2
931	3	312984	2
931	4	315917	2
931	4	319361	2
931	6	337369	0
931	7	347537	2
931	9	367169	2
