661         31     493649  454.96798  2.6294958  38.822661  0  12.781427  299.88474 
662         62    1016190  514.06831  2.0994511  27.638227  0  3.2927845  290.92109 
665         56    1763332  455.79641  1.8311749  40.191199  0  4.4714693  295.97022 
668         35     530690  384.35558  2.7424620  22.674588  0  6.5260864  288.95885 
675         41     940752  506.47631  2.9896672  47.623125  0  -7.321003  271.06132 
681         37    3588692  412.70279  2.9300069  58.162125  0  3.2888736  325.12402 
753         18    1432184  412.61237  2.1305566  32.384251  0  -7.584875  311.91270 
754         16    1864497  404.13538  2.9431983  37.523297  0  12.131528  262.59027 
771         44    1163460  426.23155  3.2386318  43.544871  0  -0.804528  255.79727 
772         23    1536307  465.34843  3.1082998  31.758068  0  -7.966263  278.27802 
809         71     329125  581.90198  1.7389086  71.779719  0  -0.167253  326.20374 
828         46    4295774  477.94143  2.5681925  33.493091  0  0.2359452  328.57252 
828         91    4506459  401.59237  2.6678281  39.060734  0  -6.913015  339.99444 
829          6    4559187  304.38085  2.3796646  87.876001  0  3.8913175  309.42142 
834         21     675312  579.64338  3.3806560  27.229784  0  9.2403362  306.74666 
850         23     584424  475.24980  2.5483624  53.044808  0  -3.934568  337.12237 
854         63     296788  448.94603  2.9970411  39.745923  0  -3.557529  308.60338 
854         69     323330  424.93152  2.2341770  55.821051  0  3.2601559  321.99786 
