0	0	0	0	
0	1	0	0	
0	2	273	299	
0	3	261	295	
0	4	251	287	
0	5	241	277	
0	6	229	267	
0	7	219	257	
0	8	207	245	
0	9	195	235	
0	10	185	223	
0	11	173	211	
0	12	161	201	
0	13	147	187	
0	14	135	175	
0	15	121	163	
0	16	107	149	
0	17	93	135	
0	18	79	121	
0	19	65	107	
0	20	51	93	
0	21	39	77	
0	22	21	63	
0	23	5	47	
0	24	0.1	31	
1	0	0	0	
1	1	0	0	
1	2	0	0	
1	3	0	0	
1	4	0	0	
1	5	0	0	
1	6	0	0	
1	7	0	0	
1	8	0	0	
1	9	0	0	
1	10	0	0	
1	11	0	0	
1	12	0	0	
1	13	0	0	
1	14	0	0	
1	15	0	0	
1	16	0	0	
1	17	0	0	
1	18	0	0	
1	19	0	0	
1	20	0	0	
1	21	0	0	
1	22	0	0	
1	23	0	0	
1	24	0	0	
2	0	0	0	
2	1	0	0	
2	2	0	0	
2	3	0	0	
2	4	0	0	
2	5	0	0	
2	6	0	0	
2	7	0	0	
2	8	0	0	
2	9	0	0	
2	10	0	0	
2	11	0	0	
2	12	0	0	
2	13	0	0	
2	14	0	0	
2	15	0	0	
2	16	0	0	
2	17	0	0	
2	18	0	0	
2	19	0	0	
2	20	0	0	
2	21	0	0	
2	22	0	0	
2	23	0	0	
2	24	0	0	
3	0	0	0	
3	1	0	0	
3	2	0	0	
3	3	0	0	
3	4	0	0	
3	5	0	0	
3	6	0	0	
3	7	0	0	
3	8	0	0	
3	9	0	0	
3	10	0	0	
3	11	0	0	
3	12	0	0	
3	13	0	0	
3	14	0	0	
3	15	0	0	
3	16	0	0	
3	17	0	0	
3	18	0	0	
3	19	0	0	
3	20	0	0	
3	21	0	0	
3	22	0	0	
3	23	0	0	
3	24	0	0	
4	0	0	0	
4	1	0	0	
4	2	0	0	
4	3	0	0	
4	4	0	0	
4	5	0	0	
4	6	0	0	
4	7	0	0	
4	8	0	0	
4	9	0	0	
4	10	0	0	
4	11	0	0	
4	12	0	0	
4	13	0	0	
4	14	0	0	
4	15	0	0	
4	16	0	0	
4	17	0	0	
4	18	0	0	
4	19	0	0	
4	20	0	0	
4	21	0	0	
4	22	0	0	
4	23	0	0	
4	24	0	0	
5	0	0	0	
5	1	0	0	
5	2	0	0	
5	3	0	0	
5	4	0	0	
5	5	0	0	
5	6	0	0	
5	7	0	0	
5	8	0	0	
5	9	0	0	
5	10	0	0	
5	11	0	0	
5	12	0	0	
5	13	0	0	
5	14	0	0	
5	15	0	0	
5	16	0	0	
5	17	0	0	
5	18	0	0	
5	19	0	0	
5	20	0	0	
5	21	0	0	
5	22	0	0	
5	23	0	0	
5	24	0	0	
6	0	0	0	
6	1	0	0	
6	2	293	323	
6	3	285	317	
6	4	277	309	
6	5	267	299	
6	6	257	289	
6	7	247	279	
6	8	235	269	
6	9	225	259	
6	10	213	247	
6	11	201	237	
6	12	189	225	
6	13	177	213	
6	14	163	201	
6	15	149	187	
6	16	137	173	
6	17	123	159	
6	18	107	145	
6	19	93	131	
6	20	79	117	
6	21	63	101	
6	22	47	85	
6	23	33	71	
6	24	0.1	55	
7	0	0	0	
7	1	0	0	
7	2	293	323	
7	3	285	317	
7	4	277	309	
7	5	267	299	
7	6	257	289	
7	7	247	279	
7	8	235	269	
7	9	225	259	
7	10	213	247	
7	11	201	237	
7	12	189	225	
7	13	177	213	
7	14	163	199	
7	15	151	187	
7	16	137	173	
7	17	123	159	
7	18	107	145	
7	19	93	131	
7	20	79	117	
7	21	65	101	
7	22	49	85	
7	23	35	71	
7	24	0.1	51	
8	0	0	0	
8	1	0	0	
8	2	273	287	
8	3	263	289	
8	4	253	283	
8	5	243	273	
8	6	233	263	
8	7	221	253	
8	8	211	243	
8	9	199	231	
8	10	187	219	
8	11	177	207	
8	12	163	197	
8	13	153	185	
8	14	139	171	
8	15	125	159	
8	16	111	145	
8	17	97	131	
8	18	83	117	
8	19	69	103	
8	20	53	89	
8	21	39	73	
8	22	23	59	
8	23	13	43	
8	24	0.1	27	
9	0	0	0	
9	1	277	307	
9	2	269	303	
9	3	261	295	
9	4	251	285	
9	5	241	277	
9	6	231	265	
9	7	219	257	
9	8	209	245	
9	9	197	235	
9	10	185	223	
9	11	173	211	
9	12	161	201	
9	13	147	187	
9	14	135	175	
9	15	121	161	
9	16	107	149	
9	17	93	135	
9	18	79	121	
9	19	65	107	
9	20	51	93	
9	21	37	77	
9	22	25	61	
9	23	9	41	
9	24	0.1	23	
10	0	0	0	
10	1	175	213	
10	2	165	209	
10	3	157	203	
10	4	149	193	
10	5	139	185	
10	6	131	175	
10	7	121	165	
10	8	111	155	
10	9	101	145	
10	10	91	135	
10	11	83	125	
10	12	73	115	
10	13	61	103	
10	14	53	91	
10	15	41	79	
10	16	29	69	
10	17	21	57	
10	18	11	43	
10	19	0.1	29	
10	20	0.1	17	
10	21	0.1	17	
10	22	0	0	
10	23	0	0	
10	24	0	0	
11	0	0	0	
11	1	207	241	
11	2	195	237	
11	3	187	229	
11	4	179	219	
11	5	169	209	
11	6	159	199	
11	7	149	189	
11	8	137	179	
11	9	127	167	
11	10	117	159	
11	11	107	147	
11	12	97	135	
11	13	85	125	
11	14	75	111	
11	15	61	99	
11	16	53	87	
11	17	37	73	
11	18	27	63	
11	19	15	47	
11	20	7	33	
11	21	0.1	17	
11	22	0.1	17	
11	23	0	0	
11	24	0	0	
12	0	0	0	
12	1	231	259	
12	2	221	259	
12	3	213	251	
12	4	203	241	
12	5	193	231	
12	6	181	219	
12	7	171	209	
12	8	161	197	
12	9	149	185	
12	10	139	175	
12	11	127	165	
12	12	115	153	
12	13	105	141	
12	14	93	129	
12	15	81	115	
12	16	69	103	
12	17	55	89	
12	18	47	75	
12	19	33	61	
12	20	17	49	
12	21	0.1	33	
12	22	0.1	19	
12	23	0.1	19	
12	24	0	0	
13	0	0	0	
13	1	251	275	
13	2	241	271	
13	3	233	265	
13	4	223	255	
13	5	213	245	
13	6	201	235	
13	7	189	223	
13	8	179	213	
13	9	167	201	
13	10	157	191	
13	11	143	177	
13	12	131	167	
13	13	119	153	
13	14	107	141	
13	15	95	129	
13	16	83	115	
13	17	69	101	
13	18	55	87	
13	19	39	73	
13	20	27	57	
13	21	11	39	
13	22	0.1	29	
13	23	0.1	11	
13	24	0.1	11	
14	0	0	0	
14	1	77	109	
14	2	71	105	
14	3	71	95	
14	4	61	91	
14	5	63	81	
14	6	43	77	
14	7	41	59	
14	8	37	51	
14	9	32	51	
14	10	27	41	
14	11	27	41	
14	12	0	0	
14	13	0	0	
14	14	0	0	
14	15	0	0	
14	16	0	0	
14	17	0	0	
14	18	0	0	
14	19	0	0	
14	20	0	0	
14	21	0	0	
14	22	0	0	
14	23	0	0	
14	24	0	0	
15	0	0	0	
15	1	103	147	
15	2	95	143	
15	3	91	135	
15	4	81	129	
15	5	73	115	
15	6	67	111	
15	7	59	103	
15	8	51	91	
15	9	51	85	
15	10	33	73	
15	11	33	67	
15	12	31	49	
15	13	15	37	
15	14	15	35	
15	15	15	35	
15	16	0	0	
15	17	0	0	
15	18	0	0	
15	19	0	0	
15	20	0	0	
15	21	0	0	
15	22	0	0	
15	23	0	0	
15	24	0	0	
16	0	0	0	
16	1	141	181	
16	2	131	179	
16	3	125	171	
16	4	117	163	
16	5	107	155	
16	6	101	145	
16	7	89	135	
16	8	83	127	
16	9	75	117	
16	10	69	109	
16	11	59	99	
16	12	55	87	
16	13	37	79	
16	14	33	67	
16	15	19	57	
16	16	21	47	
16	17	13	25	
16	18	5	17	
16	19	5	17	
16	20	0	0	
16	21	0	0	
16	22	0	0	
16	23	0	0	
16	24	0	0	
17	0	0	0	
17	1	0	0	
17	2	0	0	
17	3	0	0	
17	4	0	0	
17	5	0	0	
17	6	0	0	
17	7	0	0	
17	8	0	0	
17	9	0	0	
17	10	0	0	
17	11	0	0	
17	12	0	0	
17	13	0	0	
17	14	0	0	
17	15	0	0	
17	16	0	0	
17	17	0	0	
17	18	0	0	
17	19	0	0	
17	20	0	0	
17	21	0	0	
17	22	0	0	
17	23	0	0	
17	24	0	0	
18	0	0	0	
18	1	0	0	
18	2	0	0	
18	3	0	0	
18	4	0	0	
18	5	0	0	
18	6	0	0	
18	7	0	0	
18	8	0	0	
18	9	0	0	
18	10	0	0	
18	11	0	0	
18	12	0	0	
18	13	0	0	
18	14	0	0	
18	15	0	0	
18	16	0	0	
18	17	0	0	
18	18	0	0	
18	19	0	0	
18	20	0	0	
18	21	0	0	
18	22	0	0	
18	23	0	0	
18	24	0	0	
19	0	0	0	
19	1	0	0	
19	2	0	0	
19	3	0	0	
19	4	0	0	
19	5	0	0	
19	6	0	0	
19	7	0	0	
19	8	0	0	
19	9	0	0	
19	10	0	0	
19	11	0	0	
19	12	0	0	
19	13	0	0	
19	14	0	0	
19	15	0	0	
19	16	0	0	
19	17	0	0	
19	18	0	0	
19	19	0	0	
19	20	0	0	
19	21	0	0	
19	22	0	0	
19	23	0	0	
19	24	0	0	
20	0	0	0	
20	1	0	0	
20	2	0	0	
20	3	0	0	
20	4	0	0	
20	5	0	0	
20	6	0	0	
20	7	0	0	
20	8	0	0	
20	9	0	0	
20	10	0	0	
20	11	0	0	
20	12	0	0	
20	13	0	0	
20	14	0	0	
20	15	0	0	
20	16	0	0	
20	17	0	0	
20	18	0	0	
20	19	0	0	
20	20	0	0	
20	21	0	0	
20	22	0	0	
20	23	0	0	
20	24	0	0	
21	0	0	0	
21	1	0	0	
21	2	0	0	
21	3	0	0	
21	4	0	0	
21	5	0	0	
21	6	0	0	
21	7	0	0	
21	8	0	0	
21	9	0	0	
21	10	0	0	
21	11	0	0	
21	12	0	0	
21	13	0	0	
21	14	0	0	
21	15	0	0	
21	16	0	0	
21	17	0	0	
21	18	0	0	
21	19	0	0	
21	20	0	0	
21	21	0	0	
21	22	0	0	
21	23	0	0	
21	24	0	0	
22	0	0	0	
22	1	0	0	
22	2	0	0	
22	3	0	0	
22	4	0	0	
22	5	0	0	
22	6	0	0	
22	7	0	0	
22	8	0	0	
22	9	0	0	
22	10	0	0	
22	11	0	0	
22	12	0	0	
22	13	0	0	
22	14	0	0	
22	15	0	0	
22	16	0	0	
22	17	0	0	
22	18	0	0	
22	19	0	0	
22	20	0	0	
22	21	0	0	
22	22	0	0	
22	23	0	0	
22	24	0	0	
23	0	0	0	
23	1	0	0	
23	2	0	0	
23	3	0	0	
23	4	0	0	
23	5	0	0	
23	6	0	0	
23	7	0	0	
23	8	0	0	
23	9	0	0	
23	10	0	0	
23	11	0	0	
23	12	0	0	
23	13	0	0	
23	14	0	0	
23	15	0	0	
23	16	0	0	
23	17	0	0	
23	18	0	0	
23	19	0	0	
23	20	0	0	
23	21	0	0	
23	22	0	0	
23	23	0	0	
23	24	0	0	
24	0	0	0	
24	1	0	0	
24	2	0	0	
24	3	0	0	
24	4	0	0	
24	5	0	0	
24	6	0	0	
24	7	0	0	
24	8	0	0	
24	9	0	0	
24	10	0	0	
24	11	0	0	
24	12	0	0	
24	13	0	0	
24	14	0	0	
24	15	0	0	
24	16	0	0	
24	17	0	0	
24	18	0	0	
24	19	0	0	
24	20	0	0	
24	21	0	0	
24	22	0	0	
24	23	0	0	
24	24	0	0	
25	0	0	0	
25	1	237	285	
25	2	223	285	
25	3	215	283	
25	4	207	275	
25	5	199	267	
25	6	195	257	
25	7	187	247	
25	8	169	233	
25	9	167	225	
25	10	151	215	
25	11	145	201	
25	12	135	191	
25	13	129	179	
25	14	121	167	
25	15	111	153	
25	16	97	133	
25	17	89	123	
25	18	79	105	
25	19	63	85	
25	20	61	77	
25	21	47	59	
25	22	47	59	
25	23	0	0	
25	24	0	0	
26	0	0	0	
26	1	269	297	
26	2	249	299	
26	3	237	295	
26	4	231	289	
26	5	235	277	
26	6	219	267	
26	7	215	259	
26	8	197	245	
26	9	185	233	
26	10	177	223	
26	11	163	203	
26	12	151	197	
26	13	145	189	
26	14	139	173	
26	15	127	159	
26	16	117	135	
26	17	101	125	
26	18	87	99	
26	19	85	101	
26	20	85	101	
26	21	0	0	
26	22	0	0	
26	23	0	0	
26	24	0	0	
27	0	0	0   
27	1	283	305	
27	2	273	307	
27	3	257	299	
27	4	253	291	
27	5	253	281	
27	6	245	271	
27	7	229	261	
27	8	217	245	
27	9	219	235	
27	10	197	223	
27	11	193	215	
27	12	179	191	
27	13	165	189	
27	14	151	177	
27	15	145	157	
27	16	130	157	
27	17	113	135	
27	18	97	115	
27	19	85	115	
27	20	75	87	
27	21	63	75	
27	22	63	75	
27	23	0	0	
27	24	0	0	
28	0	0	0	
28	1	0	0	
28	2	0	0	
28	3	0	0	
28	4	0	0	
28	5	0	0	
28	6	0	0	
28	7	0	0	
28	8	0	0	
28	9	0	0	
28	10	0	0	
28	11	0	0	
28	12	0	0	
28	13	0	0	
28	14	0	0	
28	15	0	0	
28	16	0	0	
28	17	0	0	
28	18	0	0	
28	19	0	0	
28	20	0	0	
28	21	0	0	
28	22	0	0	
28	23	0	0	
28	24	0	0	
29	0	0	0	
29	1	0	0	
29	2	0	0	
29	3	0	0	
29	4	0	0	
29	5	0	0	
29	6	0	0	
29	7	0	0	
29	8	0	0	
29	9	0	0	
29	10	0	0	
29	11	0	0	
29	12	0	0	
29	13	0	0	
29	14	0	0	
29	15	0	0	
29	16	0	0	
29	17	0	0	
29	18	0	0	
29	19	0	0	
29	20	0	0	
29	21	0	0	
29	22	0	0	
29	23	0	0	
29	24	0	0	
30	0	0	0	
30	1	173	221	
30	2	159	223	
30	3	151	223	
30	4	145	219	
30	5	137	213	
30	6	141	207	
30	7	127	197	
30	8	117	191	
30	9	125	185	
30	10	117	175	
30	11	97	167	
30	12	87	157	
30	13	87	147	
30	14	87	131	
30	15	81	119	
30	16	75	107	
30	17	67	95	
30	18	59	79	
30	19	45	65	
30	20	45	65	
30	21	0	0	
30	22	0	0	
30	23	0	0	
30	24	0	0	
31	0	0	0	
31	1	215	259	
31	2	195	259	
31	3	189	257	
31	4	181	251	
31	5	171	245	
31	6	159	235	
31	7	155	225	
31	8	147	219	
31	9	137	207	
31	10	133	195	
31	11	123	187	
31	12	117	175	
31	13	111	165	
31	14	103	155	
31	15	85	139	
31	16	81	125	
31	17	71	109	
31	18	63	95	
31	19	53	77	
31	20	39	65	
31	21	33	53	
31	22	33	53	
31	23	0	0	
31	24	0	0	
32	0	0	0	
32	1	285	303	
32	2	277	307	
32	3	263	299	
32	4	261	289	
32	5	257	279	
32	6	239	265	
32	7	247	259	
32	8	211	231	
32	9	215	233	
32	10	180	233	
32	11	180	233	
32	12	180	233	
32	13	180	233	
32	14	157	173	
32	15	143	155	
32	16	143	155	
32	17	0	0	
32	18	0	0	
32	19	0	0	
32	20	0	0	
32	21	0	0	
32	22	0	0	
32	23	0	0	
32	24	0	0	
33	0	0	0	
33	1	269	299	
33	2	259	299	
33	3	237	295	
33	4	229	285	
33	5	217	279	
33	6	211	265	
33	7	203	257	
33	8	197	247	
33	9	183	233	
33	10	177	221	
33	11	171	207	
33	12	153	197	
33	13	157	183	
33	14	141	173	
33	15	135	157	
33	16	127	139	
33	17	107	127	
33	18	91	119	
33	19	83	95	
33	20	63	85	
33	21	63	85	
33	22	0	0	
33	23	0	0	
33	24	0	0	
34	0	0	0	
34	1	243	281	
34	2	229	283	
34	3	215	281	
34	4	221	273	
34	5	205	265	
34	6	189	255	
34	7	185	243	
34	8	181	237	
34	9	161	227	
34	10	147	213	
34	11	151	205	
34	12	137	189	
34	13	135	181	
34	14	119	167	
34	15	113	153	
34	16	93	141	
34	17	91	121	
34	18	73	107	
34	19	65	91	
34	20	51	71	
34	21	51	71	
34	22	0	0	
34	23	0	0	
34	24	0	0	
35	0	0	0	
35	1	0	0	
35	2	0	0	
35	3	0	0	
35	4	0	0	
35	5	0	0	
35	6	0	0	
35	7	0	0	
35	8	0	0	
35	9	0	0	
35	10	0	0	
35	11	0	0	
35	12	0	0	
35	13	0	0	
35	14	0	0	
35	15	0	0	
35	16	0	0	
35	17	0	0	
35	18	0	0	
35	19	0	0	
35	20	0	0	
35	21	0	0	
35	22	0	0	
35	23	0	0	
35	24	0	0	
36	0	0	0	
36	1	219	257	
36	2	201	259	
36	3	189	257	
36	4	177	251	
36	5	175	245	
36	6	161	235	
36	7	155	227	
36	8	149	219	
36	9	141	209	
36	10	135	195	
36	11	129	189	
36	12	117	177	
36	13	117	163	
36	14	105	157	
36	15	97	143	
36	16	79	131	
36	17	77	113	
36	18	65	95	
36	19	53	81	
36	20	39	67	
36	21	31	53	
36	22	31	53	
36	23	0	0	
36	24	0	0	
37	0	0	0	
37	1	173	221	
37	2	165	225	
37	3	155	223	
37	4	147	219	
37	5	135	213	
37	6	135	207	
37	7	131	199	
37	8	127	191	
37	9	127	185	
37	10	115	175	
37	11	115	167	
37	12	107	155	
37	13	99	149	
37	14	79	133	
37	15	79	123	
37	16	77	103	
37	17	63	95	
37	18	59	79	
37	19	59	71	
37	20	59	71	
37	21	0	0	
37	22	0	0	
37	23	0	0	
37	24	0	0	
38	0	0	0	
38	1	137	183	
38	2	141	187	
38	3	131	187	
38	4	113	179	
38	5	113	171	
38	6	113	163	
38	7	113	163	
38	8	83	159	
38	9	83	145	
38	10	82	129	
38	11	81	125	
38	12	61	73	
38	13	61	73	
38	14	0	0	
38	15	0	0	
38	16	0	0	
38	17	0	0	
38	18	0	0	
38	19	0	0	
38	20	0	0	
38	21	0	0	
38	22	0	0	
38	23	0	0	
38	24	0	0	
39	0	0	0	
39	1	0	0	
39	2	0	0	
39	3	0	0	
39	4	0	0	
39	5	0	0	
39	6	0	0	
39	7	0	0	
39	8	0	0	
39	9	0	0	
39	10	0	0	
39	11	0	0	
39	12	0	0	
39	13	0	0	
39	14	0	0	
39	15	0	0	
39	16	0	0	
39	17	0	0	
39	18	0	0	
39	19	0	0	
39	20	0	0	
39	21	0	0	
39	22	0	0	
39	23	0	0	
39	24	0	0	
