0	0	0	0	
0	1	0	0	
0	2	0	0	
0	3	185	197	
0	4	163	191	
0	5	139	171	
0	6	115	149	
0	7	91	129	
0	8	67	109	
0	9	43	81	
0	10	17	53	
0	11	0.1	33	
0	12	0.1	33	
0	13	0	0	
0	14	0	0	
0	15	0	0	
0	16	0	0	
0	17	0	0	
0	18	0	0	
0	19	0	0	
0	20	0	0	
0	21	0	0	
0	22	0	0	
0	23	0	0	
0	24	0	0	
1	0	0	0	
1	1	0	0	
1	2	0	0	
1	3	0	0	
1	4	0	0	
1	5	0	0	
1	6	0	0	
1	7	0	0	
1	8	0	0	
1	9	0	0	
1	10	0	0	
1	11	0	0	
1	12	0	0	
1	13	0	0	
1	14	0	0	
1	15	0	0	
1	16	0	0	
1	17	0	0	
1	18	0	0	
1	19	0	0	
1	20	0	0	
1	21	0	0	
1	22	0	0	
1	23	0	0	
1	24	0	0	
2	0	0	0	
2	1	0	0	
2	2	0	0	
2	3	0	0	
2	4	0	0	
2	5	0	0	
2	6	0	0	
2	7	0	0	
2	8	0	0	
2	9	0	0	
2	10	0	0	
2	11	0	0	
2	12	0	0	
2	13	0	0	
2	14	0	0	
2	15	0	0	
2	16	0	0	
2	17	0	0	
2	18	0	0	
2	19	0	0	
2	20	0	0	
2	21	0	0	
2	22	0	0	
2	23	0	0	
2	24	0	0	
3	0	0	0	
3	1	0	0	
3	2	0	0	
3	3	0	0	
3	4	0	0	
3	5	0	0	
3	6	0	0	
3	7	0	0	
3	8	0	0	
3	9	0	0	
3	10	0	0	
3	11	0	0	
3	12	0	0	
3	13	0	0	
3	14	0	0	
3	15	0	0	
3	16	0	0	
3	17	0	0	
3	18	0	0	
3	19	0	0	
3	20	0	0	
3	21	0	0	
3	22	0	0	
3	23	0	0	
3	24	0	0	
4	0	0	0	
4	1	0	0	
4	2	0	0	
4	3	0	0	
4	4	0	0	
4	5	0	0	
4	6	0	0	
4	7	0	0	
4	8	0	0	
4	9	0	0	
4	10	0	0	
4	11	0	0	
4	12	0	0	
4	13	0	0	
4	14	0	0	
4	15	0	0	
4	16	0	0	
4	17	0	0	
4	18	0	0	
4	19	0	0	
4	20	0	0	
4	21	0	0	
4	22	0	0	
4	23	0	0	
4	24	0	0	
5	0	0	0	
5	1	0	0	
5	2	0	0	
5	3	0	0	
5	4	0	0	
5	5	0	0	
5	6	0	0	
5	7	0	0	
5	8	0	0	
5	9	0	0	
5	10	0	0	
5	11	0	0	
5	12	0	0	
5	13	0	0	
5	14	0	0	
5	15	0	0	
5	16	0	0	
5	17	0	0	
5	18	0	0	
5	19	0	0	
5	20	0	0	
5	21	0	0	
5	22	0	0	
5	23	0	0	
5	24	0	0	
6	0	0	0	
6	1	0	0	
6	2	0	0	
6	3	189	213	
6	4	169	201	
6	5	147	181	
6	6	125	159	
6	7	101	135	
6	8	79	115	
6	9	55	91	
6	10	27	65	
6	11	0.1	37	
6	12	0.1	11	
6	13	0.1	11	
6	14	0	0	
6	15	0	0	
6	16	0	0	
6	17	0	0	
6	18	0	0	
6	19	0	0	
6	20	0	0	
6	21	0	0	
6	22	0	0	
6	23	0	0	
6	24	0	0	
7	0	0	0	
7	1	0	0	
7	2	209	221	
7	3	191	217	
7	4	167	193	
7	5	147	181	
7	6	125	159	
7	7	101	137	
7	8	77	115	
7	9	53	87	
7	10	29	63	
7	11	0.1	39	
7	12	0.1	13	
7	13	0.1	13	
7	14	0	0	
7	15	0	0	
7	16	0	0	
7	17	0	0	
7	18	0	0	
7	19	0	0	
7	20	0	0	
7	21	0	0	
7	22	0	0	
7	23	0	0	
7	24	0	0	
8	0	0	0	
8	1	0	0	
8	2	0	0	
8	3	0	0	
8	4	163	191	
8	5	141	171	
8	6	117	151	
8	7	99	129	
8	8	73	103	
8	9	55	79	
8	10	25	41	
8	11  25	41	
8	12	0	0	
8	13	0	0	
8	14	0	0	
8	15	0	0	
8	16	0	0	
8	17	0	0	
8	18	0	0	
8	19	0	0	
8	20	0	0	
8	21	0	0	
8	22	0	0	
8	23	0	0	
8	24	0	0	
9	0	0	0	
9	1	0	0	
9	2	0	0	
9	3	187	213	
9	4	159	181	
9	5	141	171	
9	6	115	149	
9	7	95	131	
9	8	77	107	
9	9	55	79	
9	10	15	59	
9	11	15	59	
9	12	0	0	
9	13	0	0	
9	14	0	0	
9	15	0	0	
9	16	0	0	
9	17	0	0	
9	18	0	0	
9	19	0	0	
9	20	0	0	
9	21	0	0	
9	22	0	0	
9	23	0	0	
9	24	0	0	
10	0	0	0	
10	1	0	0	
10	2	169	205	
10	3	147	187	
10	4	129	165	
10	5	107	143	
10	6	89	121	
10	7	67	99	
10	8	57	69	
10	9	31	43	
10	10	31	43	
10	11	0	0	
10	12	0	0	
10	13	0	0	
10	14	0	0	
10	15	0	0	
10	16	0	0	
10	17	0	0	
10	18	0	0	
10	19	0	0	
10	20	0	0	
10	21	0	0	
10	22	0	0	
10	23	0	0	
10	24	0	0	
11	0	0	0	
11	1	201	213	
11	2	181	207	
11	3	159	195	
11	4	139	175	
11	5	117	153	
11	6	99	131	
11	7	75	109	
11	8	71	83	
11	9	27	51	
11	10	9	21	
11	11	9	21	
11	12	0	0	
11	13	0	0	
11	14	0	0	
11	15	0	0	
11	16	0	0	
11	17	0	0	
11	18	0	0	
11	19	0	0	
11	20	0	0	
11	21	0	0	
11	22	0	0	
11	23	0	0	
11	24	0	0	
12	0	0	0	
12	1	0	0	
12	2	189	221	
12	3	169	197	
12	4	145	181	
12	5	123	159	
12	6	101	137	
12	7	79	115	
12	8	57	85	
12	9	33	45	
12	10	33	45	
12	11	0	0	
12	12	0	0	
12	13	0	0	
12	14	0	0	
12	15	0	0	
12	16	0	0	
12	17	0	0	
12	18	0	0	
12	19	0	0	
12	20	0	0	
12	21	0	0	
12	22	0	0	
12	23	0	0	
12	24	0	0	
13	0	0	0	
13	1	0	0	
13	2	197	219	
13	3	173	203	
13	4	151	183	
13	5	129	161	
13	6	109	141	
13	7	85	117	
13	8	61	87	
13	9	39	69	
13	10	3	69	
13	11	3	15	
13	12	3	15	
13	13	0	0	
13	14	0	0	
13	15	0	0	
13	16	0	0	
13	17	0	0	
13	18	0	0	
13	19	0	0	
13	20	0	0	
13	21	0	0	
13	22	0	0	
13	23	0	0	
13	24	0	0	
14	0	0	0	
14	1	0	0	
14	2	125	149	
14	3	101	137	
14	4	89	119	
14	5	73	93	
14	6	57	69	
14	7	57	69	
14	8	0	0	
14	9	0	0	
14	10	0	0	
14	11	0	0	
14	12	0	0	
14	13	0	0	
14	14	0	0	
14	15	0	0	
14	16	0	0	
14	17	0	0	
14	18	0	0	
14	19	0	0	
14	20	0	0	
14	21	0	0	
14	22	0	0	
14	23	0	0	
14	24	0	0	
15	0	0	0	
15	1	175	187	
15	2	139	179	
15	3	117	157	
15	4	95	137	
15	5	83	113	
15	6	61	87	
15	7	37	49	
15	8	37	49	
15	9	0   0	
15	10	0   0	
15	11	0   0	
15	12	0   0	
15	13	0   0	
15	14	0   0	
15	15	0   0	
15	16	0   0	
15	17	0   0	
15	18	0   0	
15	19	0   0	
15	20	0   0	
15	21	0   0	
15	22	0   0	
15	23	0   0	
15	24	0   0	
16	0	0   0	
16	1	179	191	
16	2	155	191	
16	3	131	175	
16	4	115	153	
16	5	97	131	
16	6	71	109	
16	7	67	79	
16	8	33	63	
16	9	0.1	63	
16	10	0.1	11	
16	11	0.1	11	
16	12	0	0	
16	13	0	0	
16	14	0	0	
16	15	0	0	
16	16	0	0	
16	17	0	0	
16	18	0	0	
16	19	0	0	
16	20	0	0	
16	21	0	0	
16	22	0	0	
16	23	0	0	
16	24	0	0	
17	0	0	0	
17	1	0	0	
17	2	0	0	
17	3	0	0	
17	4	0	0	
17	5	0	0	
17	6	0	0	
17	7	0	0	
17	8	0	0	
17	9	0	0	
17	10	0	0	
17	11	0	0	
17	12	0	0	
17	13	0	0	
17	14	0	0	
17	15	0	0	
17	16	0	0	
17	17	0	0	
17	18	0	0	
17	19	0	0	
17	20	0	0	
17	21	0	0	
17	22	0	0	
17	23	0	0	
17	24	0	0	
18	0	0	0	
18	1	0	0	
18	2	0	0	
18	3	0	0	
18	4	0	0	
18	5	0	0	
18	6	0	0	
18	7	0	0	
18	8	0	0	
18	9	0	0	
18	10	0	0	
18	11	0	0	
18	12	0	0	
18	13	0	0	
18	14	0	0	
18	15	0	0	
18	16	0	0	
18	17	0	0	
18	18	0	0	
18	19	0	0	
18	20	0	0	
18	21	0	0	
18	22	0	0	
18	23	0	0	
18	24	0	0	
19	0	0	0	
19	1	0	0	
19	2	0	0	
19	3	0	0	
19	4	0	0	
19	5	0	0	
19	6	0	0	
19	7	0	0	
19	8	0	0	
19	9	0	0	
19	10	0	0	
19	11	0	0	
19	12	0	0	
19	13	0	0	
19	14	0	0	
19	15	0	0	
19	16	0	0	
19	17	0	0	
19	18	0	0	
19	19	0	0	
19	20	0	0	
19	21	0	0	
19	22	0	0	
19	23	0	0	
19	24	0	0	
20	0	0	0	
20	1	0	0	
20	2	0	0	
20	3	0	0	
20	4	0	0	
20	5	0	0	
20	6	0	0	
20	7	0	0	
20	8	0	0	
20	9	0	0	
20	10	0	0	
20	11	0	0	
20	12	0	0	
20	13	0	0	
20	14	0	0	
20	15	0	0	
20	16	0	0	
20	17	0	0	
20	18	0	0	
20	19	0	0	
20	20	0	0	
20	21	0	0	
20	22	0	0	
20	23	0	0	
20	24	0	0	
21	0	0	0	
21	1	0	0	
21	2	0	0	
21	3	0	0	
21	4	0	0	
21	5	0	0	
21	6	0	0	
21	7	0	0	
21	8	0	0	
21	9	0	0	
21	10	0	0	
21	11	0	0	
21	12	0	0	
21	13	0	0	
21	14	0	0	
21	15	0	0	
21	16	0	0	
21	17	0	0	
21	18	0	0	
21	19	0	0	
21	20	0	0	
21	21	0	0	
21	22	0	0	
21	23	0	0	
21	24	0	0	
22	0	0	0	
22	1	0	0	
22	2	0	0	
22	3	0	0	
22	4	0	0	
22	5	0	0	
22	6	0	0	
22	7	0	0	
22	8	0	0	
22	9	0	0	
22	10	0	0	
22	11	0	0	
22	12	0	0	
22	13	0	0	
22	14	0	0	
22	15	0	0	
22	16	0	0	
22	17	0	0	
22	18	0	0	
22	19	0	0	
22	20	0	0	
22	21	0	0	
22	22	0	0	
22	23	0	0	
22	24	0	0	
23	0	0	0	
23	1	0	0	
23	2	0	0	
23	3	0	0	
23	4	0	0	
23	5	0	0	
23	6	0	0	
23	7	0	0	
23	8	0	0	
23	9	0	0	
23	10	0	0	
23	11	0	0	
23	12	0	0	
23	13	0	0	
23	14	0	0	
23	15	0	0	
23	16	0	0	
23	17	0	0	
23	18	0	0	
23	19	0	0	
23	20	0	0	
23	21	0	0	
23	22	0	0	
23	23	0	0	
23	24	0	0	
24	0	0	0	
24	1	0	0	
24	2	0	0	
24	3	0	0	
24	4	0	0	
24	5	0	0	
24	6	0	0	
24	7	0	0	
24	8	0	0	
24	9	0	0	
24	10	0	0	
24	11	0	0	
24	12	0	0	
24	13	0	0	
24	14	0	0	
24	15	0	0	
24	16	0	0	
24	17	0	0	
24	18	0	0	
24	19	0	0	
24	20	0	0	
24	21	0	0	
24	22	0	0	
24	23	0	0	
24	24	0	0	
25	0	0	0	
25	1	0	0	
25	2	195	225	
25	3	175	201	
25	4	155	191	
25	5	131	163	
25	6	113	141	
25	7	111	125	
25	8	75	87	
25	9	45	57	
25	10	45	57	
25	11	0	0	
25	12	0	0	
25	13	0	0	
25	14	0	0	
25	15	0	0	
25	16	0	0	
25	17	0	0	
25	18	0	0	
25	19	0	0	
25	20	0	0	
25	21	0	0	
25	22	0	0	
25	23	0	0	
25	24	0	0	
26	0	0	0	
26	1	0	0	
26	2	209	223	
26	3	197	211	
26	4	163	191	
26	5	147	171	
26	6	129	151	
26	7	110	151	
26	8	93	105	
26	9	93	105	
26	10	0	0	
26	11	0	0	
26	12	0	0	
26	13	0	0	
26	14	0	0	
26	15	0	0	
26	16	0	0	
26	17	0	0	
26	18	0	0	
26	19	0	0	
26	20	0	0	
26	21	0	0	
26	22	0	0	
26	23	0	0	
26	24	0	0	
27	0	0	0	
27	1	0	0	
27	2	211	223	
27	3	160	223	
27	4	160	223	
27	5	160	223	
27	6	125	137	
27	7	0	0	
27	8	0	0	
27	9	0	0	
27	10	0	0	
27	11	0	0	
27	12	0	0	
27	13	0	0	
27	14	0	0	
27	15	0	0	
27	16	0	0	
27	17	0	0	
27	18	0	0	
27	19	0	0	
27	20	0	0	
27	21	0	0	
27	22	0	0	
27	23	0	0	
27	24	0	0	
28	0	0	0	
28	1	0	0	
28	2	0	0	
28	3	0	0	
28	4	0	0	
28	5	0	0	
28	6	0	0	
28	7	0	0	
28	8	0	0	
28	9	0	0	
28	10	0	0	
28	11	0	0	
28	12	0	0	
28	13	0	0	
28	14	0	0	
28	15	0	0	
28	16	0	0	
28	17	0	0	
28	18	0	0	
28	19	0	0	
28	20	0	0	
28	21	0	0	
28	22	0	0	
28	23	0	0	
28	24	0	0	
29	0	0	0	
29	1	0	0	
29	2	0	0	
29	3	0	0	
29	4	0	0	
29	5	0	0	
29	6	0	0	
29	7	0	0	
29	8	0	0	
29	9	0	0	
29	10	0	0	
29	11	0	0	
29	12	0	0	
29	13	0	0	
29	14	0	0	
29	15	0	0	
29	16	0	0	
29	17	0	0	
29	18	0	0	
29	19	0	0	
29	20	0	0	
29	21	0	0	
29	22	0	0	
29	23	0	0	
29	24	0	0	
30	0	0	0	
30	1	0	0	
30	2	185	207	
30	3	153	191	
30	4	139	173	
30	5	135	149	
30	6	110	149	
30	7	83	111	
30	8	83	111	
30	9	0	0	
30	10	0	0	
30	11	0	0	
30	12	0	0	
30	13	0	0	
30	14	0	0	
30	15	0	0	
30	16	0	0	
30	17	0	0	
30	18	0	0	
30	19	0	0	
30	20	0	0	
30	21	0	0	
30	22	0	0	
30	23	0	0	
30	24	0	0	
31	0	0	0	
31	1	209	223	
31	2	189	219	
31	3	165	205	
31	4	143	185	
31	5	131	161	
31	6	119	139	
31	7	101	117	
31	8	63	97	
31	9	41	67	
31	10	41	67	
31	11	0	0	
31	12	0	0	
31	13	0	0	
31	14	0	0	
31	15	0	0	
31	16	0	0	
31	17	0	0	
31	18	0	0	
31	19	0	0	
31	20	0	0	
31	21	0	0	
31	22	0	0	
31	23	0	0	
31	24	0	0	
32	0	0	0	
32	1	0	0	
32	2	0	0	
32	3	0	0	
32	4	0	0	
32	5	0	0	
32	6	127	139	
32	7	127	139	
32	8	0	0	
32	9	0	0	
32	10	0	0	
32	11	0	0	
32	12	0	0	
32	13	0	0	
32	14	0	0	
32	15	0	0	
32	16	0	0	
32	17	0	0	
32	18	0	0	
32	19	0	0	
32	20	0	0	
32	21	0	0	
32	22	0	0	
32	23	0	0	
32	24	0	0	
33	0	0	0	
33	1	0	0	
33	2	201	219	
33	3	181	209	
33	4	181	193	
33	5	0	0	
33	6	0	0	
33	7	0	0	
33	8	0	0	
33	9	0	0	
33	10	0	0	
33	11	0	0	
33	12	0	0	
33	13	0	0	
33	14	0	0	
33	15	0	0	
33	16	0	0	
33	17	0	0	
33	18	0	0	
33	19	0	0	
33	20	0	0	
33	21	0	0	
33	22	0	0	
33	23	0	0	
33	24	0	0	
34	0	0	0	
34	1	0	0	
34	2	197	217	
34	3	179	211	
34	4	165	193	
34	5	141	173	
34	6	119	153	
34	7	97	127	
34	8	97	127	
34	9	0	0	
34	10	0	0	
34	11	0	0	
34	12	0	0	
34	13	0	0	
34	14	0	0	
34	15	0	0	
34	16	0	0	
34	17	0	0	
34	18	0	0	
34	19	0	0	
34	20	0	0	
34	21	0	0	
34	22	0	0	
34	23	0	0	
34	24	0	0	
35	0	0	0	
35	1	0	0	
35	2	0	0	
35	3	197	209	
35	4	197	209	
35	5	0	0	
35	6	0	0	
35	7	0	0	
35	8	0	0	
35	9	0	0	
35	10	0	0	
35	11	0	0	
35	12	0	0	
35	13	0	0	
35	14	0	0	
35	15	0	0	
35	16	0	0	
35	17	0	0	
35	18	0	0	
35	19	0	0	
35	20	0	0	
35	21	0	0	
35	22	0	0	
35	23	0	0	
35	24	0	0	
36	0	0	0	
36	1	0	0	
36	2	183	211	
36	3	167	203	
36	4	145	181	
36	5	139	163	
36	6	123	145	
36	7	97	125	
36	8	77	99	
36	9	45	77	
36	10	45	77	
36	11	0	0	
36	12	0	0	
36	13	0	0	
36	14	0	0	
36	15	0	0	
36	16	0	0	
36	17	0	0	
36	18	0	0	
36	19	0	0	
36	20	0	0	
36	21	0	0	
36	22	0	0	
36	23	0	0	
36	24	0	0	
37	0	0	0	
37	1	195	209	
37	2	175	211	
37	3	157	197	
37	4	135	177	
37	5	131	153	
37	6	109	131	
37	7	83	95	
37	8	83	95	
37	9	0	0	
37	10	0	0	
37	11	0	0	
37	12	0	0	
37	13	0	0	
37	14	0	0	
37	15	0	0	
37	16	0	0	
37	17	0	0	
37	18	0	0	
37	19	0	0	
37	20	0	0	
37	21	0	0	
37	22	0	0	
37	23	0	0	
37	24	0	0	
38	0	0	0	
38	1	0	0	
38	2	0	0	
38	3	0	0	
38	4	135	161	
38	5	100	161	
38	6	100	161	
38	7	100	161	
38	8	71	83	
38	9	71	83	
38	10	0	0	
38	11	0	0	
38	12	0	0	
38	13	0	0	
38	14	0	0	
38	15	0	0	
38	16	0	0	
38	17	0	0	
38	18	0	0	
38	19	0	0	
38	20	0	0	
38	21	0	0	
38	22	0	0	
38	23	0	0	
38	24	0	0	
39	0	0	0	
39	1	0	0	
39	2	0	0	
39	3	0	0	
39	4	0	0	
39	5	0	0	
39	6	79	91	
39	7	79	91	
39	8	0	0	
39	9	0	0	
39	10	0	0	
39	11	0	0	
39	12	0	0	
39	13	0	0	
39	14	0	0	
39	15	0	0	
39	16	0	0	
39	17	0	0	
39	18	0	0	
39	19	0	0	
39	20	0	0	
39	21	0	0	
39	22	0	0	
39	23	0	0	
39	24	0	0	
