0	0	0	0	
0	1	315	359	
0	2	291	369	
0	3	277	365	
0	4	261	351	
0	5	245	335	
0	6	229	319	
0	7	211	301	
0	8	195	285	
0	9	179	265	
0	10	167	245	
0	11	141	231	
0	12	120	231	
0	13	107	185	
0	14	100	185	
0	15	0   0	
0	16	0   0	
0	17	0   0	
0	18	0   0	
0	19	0   0	
0	20	0   0	
0	21	0   0	
0	22	0   0	
0	23	0   0	
0	24	0   0	
1	0	0   0	
1	1	0   0	
1	2	0   0	
1	3	0   0	
1	4	0   0	
1	5	0   0	
1	6	0   0	
1	7	0   0	
1	8	0   0	
1	9	0   0	
1	10	0   0	
1	11	0   0	
1	12	0   0	
1	13	0   0	
1	14	0   0	
1	15	0   0	
1	16	0   0	
1	17	0   0	
1	18	0   0	
1	19	0   0	
1	20	0   0	
1	21	0   0	
1	22	0   0	
1	23	0   0	
1	24	0   0	
2	0	0   0	
2	1	0   0	
2	2	0   0	
2	3	0   0	
2	4	0   0	
2	5	0   0	
2	6	0   0	
2	7	0   0	
2	8	0   0	
2	9	0   0	
2	10	0   0	
2	11	0   0	
2	12	0   0	
2	13	0   0	
2	14	0   0	
2	15	0   0	
2	16	0   0	
2	17	0   0	
2	18	0   0	
2	19	0   0	
2	20	0   0	
2	21	0   0	
2	22	0   0	
2	23	0   0	
2	24	0   0	
3	0	0   0	
3	1	0   0	
3	2	0   0	
3	3	0   0	
3	4	0   0	
3	5	0   0	
3	6	0   0	
3	7	0   0	
3	8	0   0	
3	9	0   0	
3	10	0   0	
3	11	0   0	
3	12	0   0	
3	13	0   0	
3	14	0   0	
3	15	0   0	
3	16	0   0	
3	17	0   0	
3	18	0   0	
3	19	0   0	
3	20	0   0	
3	21	0   0	
3	22	0   0	
3	23	0   0	
3	24	0   0	
4	0	0   0	
4	1	0   0	
4	2	0   0	
4	3	0   0	
4	4	0   0	
4	5	0   0	
4	6	0   0	
4	7	0   0	
4	8	0   0	
4	9	0   0	
4	10	0   0	
4	11	0   0	
4	12	0   0	
4	13	0   0	
4	14	0   0	
4	15	0   0	
4	16	0   0	
4	17	0   0	
4	18	0   0	
4	19	0   0	
4	20	0   0	
4	21	0   0	
4	22	0   0	
4	23	0   0	
4	24	0   0	
5	0	0   0	
5	1	0   0	
5	2	0   0	
5	3	0   0	
5	4	0   0	
5	5	0   0	
5	6	0   0	
5	7	0   0	
5	8	0   0	
5	9	0   0	
5	10	0   0	
5	11	0   0	
5	12	0   0	
5	13	0   0	
5	14	0   0	
5	15	0   0	
5	16	0   0	
5	17	0   0	
5	18	0   0	
5	19	0   0	
5	20	0   0	
5	21	0   0	
5	22	0   0	
5	23	0   0	
5	24	0   0	
6	0	0   0	
6	1	313	365	
6	2	297	369	
6	3	283	369	
6	4	269	359	
6	5	253	345	
6	6	237	329	
6	7	219	313	
6	8	203	297	
6	9	185	279	
6	10	165	261	
6	11	147	239	
6	12	125	221	
6	13	103	199	
6	14	85	169	
6	15	61	153	
6	16	60	153	
6	17	0	0	
6	18	0	0	
6	19	0	0	
6	20	0	0	
6	21	0	0	
6	22	0	0	
6	23	0	0	
6	24	0	0	
7	0	0	0	
7	1	313	369	
7	2	297	369	
7	3	283	369	
7	4	269	359	
7	5	253	345	
7	6	237	329	
7	7	221	313	
7	8	203	297	
7	9	187	279	
7	10	169	261	
7	11	149	243	
7	12	125	221	
7	13	105	197	
7	14	93	167	
7	15	90	167	
7	16	0	0	
7	17	0	0	
7	18	0	0	
7	19	0	0	
7	20	0	0	
7	21	0	0	
7	22	0	0	
7	23	0	0	
7	24	0	0	
8	0	0	0	
8	1	0	0	
8	2	295	367	
8	3	279	363	
8	4	265	349	
8	5	249	333	
8	6	233	317	
8	7	215	299	
8	8	199	279	
8	9	179	263	
8	10	165	245	
8	11	149	229	
8	12	125	209	
8	13	120	209	
8	14	0	0	
8	15	0	0	
8	16	0	0	
8	17	0	0	
8	18	0	0	
8	19	0	0	
8	20	0	0	
8	21	0	0	
8	22	0	0	
8	23	0	0	
8	24	0	0	
9	0	0	0	
9	1	315	363	
9	2	291	369	
9	3	277	365	
9	4	261	351	
9	5	247	335	
9	6	229	319	
9	7	211	301	
9	8	193	285	
9	9	173	267	
9	10	155	249	
9	11	139	231	
9	12	121	205	
9	13	99	185	
9	14	79	161	
9	15	65	137	
9	16	30	137	
9	17	3	73	
9	18	0	0	
9	19	0	0	
9	20	0	0	
9	21	0	0	
9	22	0	0	
9	23	0	0	
9	24	0	0	
10	0	0	0	
10	1	281	357	
10	2	257	347	
10	3	237	323	
10	4	217	301	
10	5	199	279	
10	6	181	261	
10	7	165	243	
10	8	147	225	
10	9	133	209	
10	10	113	191	
10	11	99	171	
10	12	91	141	
10	13	90	141	
10	14	0	0	
10	15	0	0	
10	16	0	0	
10	17	0	0	
10	18	0	0	
10	19	0	0	
10	20	0	0	
10	21	0	0	
10	22	0	0	
10	23	0	0	
10	24	0	0	
11	0	0	0	
11	1	293	363	
11	2	271	357	
11	3	251	337	
11	4	233	317	
11	5	215	299	
11	6	197	279	
11	7	179	261	
11	8	161	245	
11	9	145	225	
11	10	127	207	
11	11	113	189	
11	12	93	167	
11	13	90	167	
11	14	0	0	
11	15	0	0	
11	16	0	0	
11	17	0	0	
11	18	0	0	
11	19	0	0	
11	20	0	0	
11	21	0	0	
11	22	0	0	
11	23	0	0	
11	24	0	0	
12	0	0	0	
12	1	299	369	
12	2	281	361	
12	3	263	349	
12	4	245	331	
12	5	227	313	
12	6	209	293	
12	7	191	277	
12	8	173	259	
12	9	155	239	
12	10	135	221	
12	11	117	201	
12	12	101	185	
12	13	87	155	
12	14	80	155	
12	15	0	0	
12	16	0	0	
12	17	0	0	
12	18	0	0	
12	19	0	0	
12	20	0	0	
12	21	0	0	
12	22	0	0	
12	23	0	0	
12	24	0	0	
13	0	0	0	
13	1	303	351	
13	2	287	369	
13	3	269	357	
13	4	253	341	
13	5	235	323	
13	6	217	305	
13	7	199	287	
13	8	181	269	
13	9	163	251	
13	10	145	231	
13	11	127	213	
13	12	103	191	
13	13	85	165	
13	14	80	165	
13	15	0	0	
13	16	0	0	
13	17	0	0	
13	18	0	0	
13	19	0	0	
13	20	0	0	
13	21	0	0	
13	22	0	0	
13	23	0	0	
13	24	0	0	
14	0	0	0	
14	1	247	319	
14	2	209	293	
14	3	187	257	
14	4	163	229	
14	5	143	203	
14	6	125	177	
14	7	113	155	
14	8	91	127	
14	9	80	127	
14	10	73	109	
14	11	53	93	
14	12	50	93	
14	13	0	0	
14	14	0	0	
14	15	0	0	
14	16	0	0	
14	17	0	0	
14	18	0	0	
14	19	0	0	
14	20	0	0	
14	21	0	0	
14	22	0	0	
14	23	0	0	
14	24	0	0	
15	0	0	0	
15	1	265	325	
15	2	223	311	
15	3	195	281	
15	4	179	255	
15	5	163	231	
15	6	139	213	
15	7	121	191	
15	8	123	163	
15	9	93	155	
15	10	90	155	
15	11	0	0	
15	12	0	0	
15	13	0	0	
15	14	0	0	
15	15	0	0	
15	16	0	0	
15	17	0	0	
15	18	0	0	
15	19	0	0	
15	20	0	0	
15	21	0	0	
15	22	0	0	
15	23	0	0	
15	24	0	0	
16	0	0	0	
16	1	269	343	
16	2	241	331	
16	3	217	303	
16	4	197	279	
16	5	179	257	
16	6	165	239	
16	7	147	219	
16	8	127	205	
16	9	113	185	
16	10	111	163	
16	11	85	131	
16	12	85	133	
16	13	80	133	
16	14	0	0	
16	15	0	0	
16	16	0	0	
16	17	0	0	
16	18	0	0	
16	19	0	0	
16	20	0	0	
16	21	0	0	
16	22	0	0	
16	23	0	0	
16	24	0	0	
17	0	0	0	
17	1	0	0	
17	2	0	0	
17	3	0	0	
17	4	0	0	
17	5	0	0	
17	6	0	0	
17	7	0	0	
17	8	0	0	
17	9	0	0	
17	10	0	0	
17	11	0	0	
17	12	0	0	
17	13	0	0	
17	14	0	0	
17	15	0	0	
17	16	0	0	
17	17	0	0	
17	18	0	0	
17	19	0	0	
17	20	0	0	
17	21	0	0	
17	22	0	0	
17	23	0	0	
17	24	0	0	
18	0	0	0	
18	1	0	0	
18	2	0	0	
18	3	0	0	
18	4	0	0	
18	5	0	0	
18	6	0	0	
18	7	0	0	
18	8	0	0	
18	9	0	0	
18	10	0	0	
18	11	0	0	
18	12	0	0	
18	13	0	0	
18	14	0	0	
18	15	0	0	
18	16	0	0	
18	17	0	0	
18	18	0	0	
18	19	0	0	
18	20	0	0	
18	21	0	0	
18	22	0	0	
18	23	0	0	
18	24	0	0	
19	0	0	0	
19	1	0	0	
19	2	0	0	
19	3	0	0	
19	4	0	0	
19	5	0	0	
19	6	0	0	
19	7	0	0	
19	8	0	0	
19	9	0	0	
19	10	0	0	
19	11	0	0	
19	12	0	0	
19	13	0	0	
19	14	0	0	
19	15	0	0	
19	16	0	0	
19	17	0	0	
19	18	0	0	
19	19	0	0	
19	20	0	0	
19	21	0	0	
19	22	0	0	
19	23	0	0	
19	24	0	0	
20	0	0	0	
20	1	0	0	
20	2	0	0	
20	3	0	0	
20	4	0	0	
20	5	0	0	
20	6	0	0	
20	7	0	0	
20	8	0	0	
20	9	0	0	
20	10	0	0	
20	11	0	0	
20	12	0	0	
20	13	0	0	
20	14	0	0	
20	15	0	0	
20	16	0	0	
20	17	0	0	
20	18	0	0	
20	19	0	0	
20	20	0	0	
20	21	0	0	
20	22	0	0	
20	23	0	0	
20	24	0	0	
21	0	0	0	
21	1	0	0	
21	2	0	0	
21	3	0	0	
21	4	0	0	
21	5	0	0	
21	6	0	0	
21	7	0	0	
21	8	0	0	
21	9	0	0	
21	10	0	0	
21	11	0	0	
21	12	0	0	
21	13	0	0	
21	14	0	0	
21	15	0	0	
21	16	0	0	
21	17	0	0	
21	18	0	0	
21	19	0	0	
21	20	0	0	
21	21	0	0	
21	22	0	0	
21	23	0	0	
21	24	0	0	
22	0	0	0	
22	1	0	0	
22	2	0	0	
22	3	0	0	
22	4	0	0	
22	5	0	0	
22	6	0	0	
22	7	0	0	
22	8	0	0	
22	9	0	0	
22	10	0	0	
22	11	0	0	
22	12	0	0	
22	13	0	0	
22	14	0	0	
22	15	0	0	
22	16	0	0	
22	17	0	0	
22	18	0	0	
22	19	0	0	
22	20	0	0	
22	21	0	0	
22	22	0	0	
22	23	0	0	
22	24	0	0	
23	0	0	0	
23	1	0	0	
23	2	0	0	
23	3	0	0	
23	4	0	0	
23	5	0	0	
23	6	0	0	
23	7	0	0	
23	8	0	0	
23	9	0	0	
23	10	0	0	
23	11	0	0	
23	12	0	0	
23	13	0	0	
23	14	0	0	
23	15	0	0	
23	16	0	0	
23	17	0	0	
23	18	0	0	
23	19	0	0	
23	20	0	0	
23	21	0	0	
23	22	0	0	
23	23	0	0	
23	24	0	0	
24	0	0	0	
24	1	313	367	
24	2	295	369	
24	3	285	367	
24	4	267	347	
24	5	253	335	
24	6	243	323	
24	7	221	309	
24	8	209	289	
24	9	187	273	
24	10	167	241	
24	11	155	235	
24	12	150	235	
24	13	0	0	
24	14	0	0	
24	15	0	0	
24	16	0	0	
24	17	0	0	
24	18	0	0	
24	19	0	0	
24	20	0	0	
24	21	0	0	
24	22	0	0	
24	23	0	0	
24	24	0	0	
25	0	0	0	
25	1	297	369	
25	2	277	365	
25	3	259	347	
25	4	243	333	
25	5	225	317	
25	6	209	303	
25	7	191	287	
25	8	175	273	
25	9	159	255	
25	10	145	235	
25	11	123	219	
25	12	107	193	
25	13	105	179	
25	14	100	179	
25	15	0	0	
25	16	0	0	
25	17	0	0	
25	18	0	0	
25	19	0	0	
25	20	0	0	
25	21	0	0	
25	22	0	0	
25	23	0	0	
25	24	0	0	
26	0	0	0	
26	1	307	369	
26	2	289	369	
26	3	269	359	
26	4	253	345	
26	5	239	329	
26	6	221	313	
26	7	205	299	
26	8	185	281	
26	9	171	261	
26	10	151	245	
26	11	135	223	
26	12	121	207	
26	13	103	181	
26	14	100	181	
26	15	0	0	
26	16	0	0	
26	17	0	0	
26	18	0	0	
26	19	0	0	
26	20	0	0	
26	21	0	0	
26	22	0	0	
26	23	0	0	
26	24	0	0	
27	0	0	0	
27	1	309	365	
27	2	293	369	
27	3	277	365	
27	4	259	351	
27	5	245	337	
27	6	225	321	
27	7	209	301	
27	8	193	289	
27	9	173	269	
27	10	155	251	
27	11	139	231	
27	12	129	213	
27	13	120	213	
27	14	0	0	
27	15	0	0	
27	16	0	0	
27	17	0	0	
27	18	0	0	
27	19	0	0	
27	20	0	0	
27	21	0	0	
27	22	0	0	
27	23	0	0	
27	24	0	0	
28	0	0	0	
28	1	0	0	
28	2	215	255	
28	3	179	243	
28	4	175	225	
28	5	163	203	
28	6	150	203	
28	7	131	173	
28	8	130	165	
28	9	130	165	
28	10	0	0	
28	11	0	0	
28	12	0	0	
28	13	0	0	
28	14	0	0	
28	15	0	0	
28	16	0	0	
28	17	0	0	
28	18	0	0	
28	19	0	0	
28	20	0	0	
28	21	0	0	
28	22	0	0	
28	23	0	0	
28	24	0	0	
29	0	0	0	
29	1	0	0	
29	2	0	0	
29	3	0	0	
29	4	0	0	
29	5	0	0	
29	6	0	0	
29	7	0	0	
29	8	0	0	
29	9	0	0	
29	10	0	0	
29	11	0	0	
29	12	0	0	
29	13	0	0	
29	14	0	0	
29	15	0	0	
29	16	0	0	
29	17	0	0	
29	18	0	0	
29	19	0	0	
29	20	0	0	
29	21	0	0	
29	22	0	0	
29	23	0	0	
29	24	0	0	
30	0	0	0	
30	1	269	339	
30	2	243	327	
30	3	223	301	
30	4	205	283	
30	5	189	267	
30	6	171	255	
30	7	167	241	
30	8	143	229	
30	9	141	207	
30	10	123	199	
30	11	110	199	
30	12	101	175	
30	13	100	175	
30	14	0	0	
30	15	0	0	
30	16	0	0	
30	17	0	0	
30	18	0	0	
30	19	0	0	
30	20	0	0	
30	21	0	0	
30	22	0	0	
30	23	0	0	
30	24	0	0	
31	0	0	0	
31	1	285	355	
31	2	265	347	
31	3	243	327	
31	4	225	311	
31	5	209	297	
31	6	193	283	
31	7	175	269	
31	8	161	257	
31	9	147	243	
31	10	129	227	
31	11	119	209	
31	12	101	187	
31	13	97	169	
31	14	90	169	
31	15	0	0	
31	16	0	0	
31	17	0	0	
31	18	0	0	
31	19	0	0	
31	20	0	0	
31	21	0	0	
31	22	0	0	
31	23	0	0	
31	24	0	0	
32	0	0	0	
32	1	311	363	
32	2	291	369	
32	3	275	365	
32	4	259	353	
32	5	245	337	
32	6	227	323	
32	7	209	305	
32	8	191	289	
32	9	175	273	
32	10	159	253	
32	11	139	233	
32	12	117	209	
32	13	110	209	
32	14	0	0	
32	15	0	0	
32	16	0	0	
32	17	0	0	
32	18	0	0	
32	19	0	0	
32	20	0	0	
32	21	0	0	
32	22	0	0	
32	23	0	0	
32	24	0	0	
33	0	0	0	
33	1	307	359	
33	2	287	369	
33	3	269	361	
33	4	253	343	
33	5	235	329	
33	6	221	313	
33	7	203	299	
33	8	185	283	
33	9	169	267	
33	10	149	245	
33	11	131	225	
33	12	111	209	
33	13	103	185	
33	14	100	185	
33	15	0	0	
33	16	0	0	
33	17	0	0	
33	18	0	0	
33	19	0	0	
33	20	0	0	
33	21	0	0	
33	22	0	0	
33	23	0	0	
33	24	0	0	
34	0	0	0	
34	1	301	369	
34	2	277	361	
34	3	259	345	
34	4	243	331	
34	5	223	317	
34	6	207	301	
34	7	191	287	
34	8	173	271	
34	9	159	257	
34	10	141	241	
34	11	125	219	
34	12	113	203	
34	13	101	183	
34	14	100	183	
34	15	0	0	
34	16	0	0	
34	17	0	0	
34	18	0	0	
34	19	0	0	
34	20	0	0	
34	21	0	0	
34	22	0	0	
34	23	0	0	
34	24	0	0	
35	0	0	0	
35	1	315	367	
35	2	295	367	
35	3	283	365	
35	4	269	351	
35	5	255	335	
35	6	239	325	
35	7	227	305	
35	8	207	291	
35	9	187	273	
35	10	173	253	
35	11	160	253	
35	12	145	215	
35	13	140	215	
35	14	0	0	
35	15	0	0	
35	16	0	0	
35	17	0	0	
35	18	0	0	
35	19	0	0	
35	20	0	0	
35	21	0	0	
35	22	0	0	
35	23	0	0	
35	24	0	0	
36	0	0	0	
36	1	285	357	
36	2	263	345	
36	3	243	327	
36	4	225	311	
36	5	209	295	
36	6	191	281	
36	7	177	269	
36	8	165	257	
36	9	151	241	
36	10	135	223	
36	11	119	205	
36	12	95	191	
36	13	91	173	
36	14	90	173	
36	15	0	0	
36	16	0	0	
36	17	0	0	
36	18	0	0	
36	19	0	0	
36	20	0	0	
36	21	0	0	
36	22	0	0	
36	23	0	0	
36	24	0	0	
37	0	0	0	
37	1	267	343	
37	2	243	327	
37	3	223	303	
37	4	207	283	
37	5	191	267	
37	6	179	255	
37	7	159	241	
37	8	147	227	
37	9	131	219	
37	10	117	191	
37	11	110	191	
37	12	0	0	
37	13	0	0	
37	14	0	0	
37	15	0	0	
37	16	0	0	
37	17	0	0	
37	18	0	0	
37	19	0	0	
37	20	0	0	
37	21	0	0	
37	22	0	0	
37	23	0	0	
37	24	0	0	
38	0	0	0	
38	1	253	319	
38	2	219	305	
38	3	201	277	
38	4	179	249	
38	5	165	233	
38	6	155	223	
38	7	145	207	
38	8	139	177	
38	9	133	173	
38	10	130	173	
38	11	0	0	
38	12	0	0	
38	13	0	0	
38	14	0	0	
38	15	0	0	
38	16	0	0	
38	17	0	0	
38	18	0	0	
38	19	0	0	
38	20	0	0	
38	21	0	0	
38	22	0	0	
38	23	0	0	
38	24	0	0	
39	0	0	0	
39	1	253	301	
39	2	203	277	
39	3	189	249	
39	4	175	223	
39	5	151	203	
39	6	140	203	
39	7	133	163	
39	8	130	163	
39	9	0   0	
39	10	0   0	
39	11	0   0	
39	12	0   0	
39	13	0   0	
39	14	0   0	
39	15	0   0	
39	16	0   0	
39	17	0   0	
39	18	0   0	
39	19	0   0	
39	20	0   0	
39	21	0   0	
39	22	0   0	
39	23	0   0	
39	24	0   0	
