0	0	0	0	
0	1	0	0	
0	2	0	0	
0	3	311	323	
0	4	291	323	
0	5	273	307	
0	6	257	291	
0	7	239	273	
0	8	219	257	
0	9	201	239	
0	10	183	219	
0	11	161	201	
0	12	141	181	
0	13	121	159	
0	14	101	137	
0	15	79	111	
0	16	55	85	
0	17	27	65	
0	18	19	35	
0	19	19	35	
0	20	0	0	
0	21	0	0	
0	22	0	0	
0	23	0	0	
0	24	0	0	
1	0	0	0	
1	1	0	0	
1	2	0	0	
1	3	0	0	
1	4	0	0	
1	5	0	0	
1	6	0	0	
1	7	0	0	
1	8	0	0	
1	9	0	0	
1	10	0	0	
1	11	0	0	
1	12	0	0	
1	13	0	0	
1	14	0	0	
1	15	0	0	
1	16	0	0	
1	17	0	0	
1	18	0	0	
1	19	0	0	
1	20	0	0	
1	21	0	0	
1	22	0	0	
1	23	0	0	
1	24	0	0	
2	0	0	0	
2	1	0	0	
2	2	0	0	
2	3	0	0	
2	4	0	0	
2	5	0	0	
2	6	0	0	
2	7	0	0	
2	8	0	0	
2	9	0	0	
2	10	0	0	
2	11	0	0	
2	12	0	0	
2	13	0	0	
2	14	0	0	
2	15	0	0	
2	16	0	0	
2	17	0	0	
2	18	0	0	
2	19	0	0	
2	20	0	0	
2	21	0	0	
2	22	0	0	
2	23	0	0	
2	24	0	0	
3	0	0	0	
3	1	0	0	
3	2	0	0	
3	3	0	0	
3	4	0	0	
3	5	0	0	
3	6	0	0	
3	7	0	0	
3	8	0	0	
3	9	0	0	
3	10	0	0	
3	11	0	0	
3	12	0	0	
3	13	0	0	
3	14	0	0	
3	15	0	0	
3	16	0	0	
3	17	0	0	
3	18	0	0	
3	19	0	0	
3	20	0	0	
3	21	0	0	
3	22	0	0	
3	23	0	0	
3	24	0	0	
4	0	0	0	
4	1	0	0	
4	2	0	0	
4	3	0	0	
4	4	0	0	
4	5	0	0	
4	6	0	0	
4	7	0	0	
4	8	0	0	
4	9	0	0	
4	10	0	0	
4	11	0	0	
4	12	0	0	
4	13	0	0	
4	14	0	0	
4	15	0	0	
4	16	0	0	
4	17	0	0	
4	18	0	0	
4	19	0	0	
4	20	0	0	
4	21	0	0	
4	22	0	0	
4	23	0	0	
4	24	0	0	
5	0	0	0	
5	1	0	0	
5	2	0	0	
5	3	0	0	
5	4	0	0	
5	5	0	0	
5	6	0	0	
5	7	0	0	
5	8	0	0	
5	9	0	0	
5	10	0	0	
5	11	0	0	
5	12	0	0	
5	13	0	0	
5	14	0	0	
5	15	0	0	
5	16	0	0	
5	17	0	0	
5	18	0	0	
5	19	0	0	
5	20	0	0	
5	21	0	0	
5	22	0	0	
5	23	0	0	
5	24	0	0	
6	0	0	0	
6	1	0	0	
6	2	0	0	
6	3	315	341	
6	4	299	329	
6	5	283	315	
6	6	267	299	
6	7	249	283	
6	8	231	267	
6	9	213	249	
6	10	193	231	
6	11	173	211	
6	12	153	191	
6	13	133	169	
6	14	111	147	
6	15	87	123	
6	16	61	101	
6	17	37	77	
6	18	25	41	
6	19	25	41	
6	20	0	0	
6	21	0	0	
6	22	0	0	
6	23	0	0	
6	24	0	0	
7	0	0	0	
7	1	0	0	
7	2	331	347	
7	3	317	343	
7	4	301	331	
7	5	285	315	
7	6	267	299	
7	7	251	283	
7	8	233	267	
7	9	213	249	
7	10	193	231	
7	11	173	211	
7	12	155	191	
7	13	131	169	
7	14	111	149	
7	15	89	123	
7	16	65	99	
7	17	43	75	
7	18	25	51	
7	19	1	13	
7	20	1	13	
7	21	0	0	
7	22	0	0	
7	23	0	0	
7	24	0	0	
8	0	0	0	
8	1	0	0	
8	2	0	0	
8	3	311	333	
8	4	291	319	
8	5	275	307	
8	6	257	289	
8	7	239	273	
8	8	221	255	
8	9	205	237	
8	10	185	217	
8	11	169	195	
8	12	149	175	
8	13	131	151	
8	14	117	129	
8	15	117	129	
8	16	0	0	
8	17	0	0	
8	18	0	0	
8	19	0	0	
8	20	0	0	
8	21	0	0	
8	22	0	0	
8	23	0	0	
8	24	0	0	
9	0	0	0	
9	1	343	355	
9	2	325	351	
9	3	307	335	
9	4	291	323	
9	5	273	307	
9	6	257	291	
9	7	239	273	
9	8	219	257	
9	9	201	239	
9	10	183	219	
9	11	163	199	
9	12	143	175	
9	13	121	151	
9	14	105	135	
9	15	79	103	
9	16	69	81	
9	17	33	65	
9	18	23	43	
9	19	23	43	
9	20	0	0	
9	21	0	0	
9	22	0	0	
9	23	0	0	
9	24	0	0	
10	0	0	0	
10	1	305	341	
10	2	277	325	
10	3	255	303	
10	4	235	281	
10	5	215	261	
10	6	197	243	
10	7	181	223	
10	8	163	205	
10	9	145	189	
10	10	133	169	
10	11	115	151	
10	12	109	121	
10	13	109	121	
10	14	0	0	
10	15	0	0	
10	16	0	0	
10	17	0	0	
10	18	0	0	
10	19	0	0	
10	20	0	0	
10	21	0	0	
10	22	0	0	
10	23	0	0	
10	24	0	0	
11	0	0	0	
11	1	319	347	
11	2	293	337	
11	3	273	315	
11	4	253	295	
11	5	235	277	
11	6	217	257	
11	7	199	239	
11	8	181	223	
11	9	163	203	
11	10	145	183	
11	11	129	165	
11	12	111	141	
11	13	111	141	
11	14	0	0	
11	15	0	0	
11	16	0	0	
11	17	0	0	
11	18	0	0	
11	19	0	0	
11	20	0	0	
11	21	0	0	
11	22	0	0	
11	23	0	0	
11	24	0	0	
12	0	0	0	
12	1	327	353	
12	2	307	343	
12	3	287	325	
12	4	267	307	
12	5	249	289	
12	6	231	269	
12	7	213	253	
12	8	195	233	
12	9	177	215	
12	10	159	195	
12	11	139	173	
12	12	121	155	
12	13	109	127	
12	14	109	127	
12	15	0	0	
12	16	0	0	
12	17	0	0	
12	18	0	0	
12	19	0	0	
12	20	0	0	
12	21	0	0	
12	22	0	0	
12	23	0	0	
12	24	0	0	
13	0	0	0	
13	1	335	355	
13	2	315	349	
13	3	297	331	
13	4	279	313	
13	5	261	297	
13	6	243	279	
13	7	223	259	
13	8	207	241	
13	9	187	223	
13	10	167	205	
13	11	151	185	
13	12	125	161	
13	13	109	137	
13	14	109	137	
13	15	0	0	
13	16	0	0	
13	17	0	0	
13	18	0	0	
13	19	0	0	
13	20	0	0	
13	21	0	0	
13	22	0	0	
13	23	0	0	
13	24	0	0	
14	0	0	0	
14	1	263	295	
14	2	225	275	
14	3	195	243	
14	4	175	215	
14	5	155	193	
14	6	137	173	
14	7	119	155	
14	8	105	137	
14	9	93	121	
14	10	81	93	
14	11	77	89	
14	12	77	89	
14	13	0	0	
14	14	0	0	
14	15	0	0	
14	16	0	0	
14	17	0	0	
14	18	0	0	
14	19	0	0	
14	20	0	0	
14	21	0	0	
14	22	0	0	
14	23	0	0	
14	24	0	0	
15	0	0	0	
15	1	273	311	
15	2	239	297	
15	3	209	265	
15	4	187	241	
15	5	171	219	
15	6	151	199	
15	7	131	181	
15	8	115	163	
15	9	107	141	
15	10	97	117	
15	11	87	99	
15	12	87	99	
15	13	0	0	
15	14	0	0	
15	15	0	0	
15	16	0	0	
15	17	0	0	
15	18	0	0	
15	19	0	0	
15	20	0	0	
15	21	0	0	
15	22	0	0	
15	23	0	0	
15	24	0	0	
16	0	0	0	
16	1	289	325	
16	2	259	311	
16	3	233	285	
16	4	211	263	
16	5	193	241	
16	6	175	223	
16	7	157	205	
16	8	141	185	
16	9	123	169	
16	10	111	145	
16	11	93	127	
16	12	89	103	
16	13	89	103	
16	14	0	0	
16	15	0	0	
16	16	0	0	
16	17	0	0	
16	18	0	0	
16	19	0	0	
16	20	0	0	
16	21	0	0	
16	22	0	0	
16	23	0	0	
16	24	0	0	
17	0	0	0	
17	1	0	0	
17	2	0	0	
17	3	0	0	
17	4	0	0	
17	5	0	0	
17	6	0	0	
17	7	0	0	
17	8	0	0	
17	9	0	0	
17	10	0	0	
17	11	0	0	
17	12	0	0	
17	13	0	0	
17	14	0	0	
17	15	0	0	
17	16	0	0	
17	17	0	0	
17	18	0	0	
17	19	0	0	
17	20	0	0	
17	21	0	0	
17	22	0	0	
17	23	0	0	
17	24	0	0	
18	0	0	0	
18	1	0	0	
18	2	0	0	
18	3	0	0	
18	4	0	0	
18	5	0	0	
18	6	0	0	
18	7	0	0	
18	8	0	0	
18	9	0	0	
18	10	0	0	
18	11	0	0	
18	12	0	0	
18	13	0	0	
18	14	0	0	
18	15	0	0	
18	16	0	0	
18	17	0	0	
18	18	0	0	
18	19	0	0	
18	20	0	0	
18	21	0	0	
18	22	0	0	
18	23	0	0	
18	24	0	0	
19	0	0	0	
19	1	0	0	
19	2	0	0	
19	3	0	0	
19	4	0	0	
19	5	0	0	
19	6	0	0	
19	7	0	0	
19	8	0	0	
19	9	0	0	
19	10	0	0	
19	11	0	0	
19	12	0	0	
19	13	0	0	
19	14	0	0	
19	15	0	0	
19	16	0	0	
19	17	0	0	
19	18	0	0	
19	19	0	0	
19	20	0	0	
19	21	0	0	
19	22	0	0	
19	23	0	0	
19	24	0	0	
20	0	0	0	
20	1	0	0	
20	2	0	0	
20	3	0	0	
20	4	0	0	
20	5	0	0	
20	6	0	0	
20	7	0	0	
20	8	0	0	
20	9	0	0	
20	10	0	0	
20	11	0	0	
20	12	0	0	
20	13	0	0	
20	14	0	0	
20	15	0	0	
20	16	0	0	
20	17	0	0	
20	18	0	0	
20	19	0	0	
20	20	0	0	
20	21	0	0	
20	22	0	0	
20	23	0	0	
20	24	0	0	
21	0	0	0	
21	1	0	0	
21	2	0	0	
21	3	0	0	
21	4	0	0	
21	5	0	0	
21	6	0	0	
21	7	0	0	
21	8	0	0	
21	9	0	0	
21	10	0	0	
21	11	0	0	
21	12	0	0	
21	13	0	0	
21	14	0	0	
21	15	0	0	
21	16	0	0	
21	17	0	0	
21	18	0	0	
21	19	0	0	
21	20	0	0	
21	21	0	0	
21	22	0	0	
21	23	0	0	
21	24	0	0	
22	0	0	0	
22	1	0	0	
22	2	0	0	
22	3	0	0	
22	4	0	0	
22	5	0	0	
22	6	0	0	
22	7	0	0	
22	8	0	0	
22	9	0	0	
22	10	0	0	
22	11	0	0	
22	12	0	0	
22	13	0	0	
22	14	0	0	
22	15	0	0	
22	16	0	0	
22	17	0	0	
22	18	0	0	
22	19	0	0	
22	20	0	0	
22	21	0	0	
22	22	0	0	
22	23	0	0	
22	24	0	0	
23	0	0	0	
23	1	0	0	
23	2	0	0	
23	3	0	0	
23	4	0	0	
23	5	0	0	
23	6	0	0	
23	7	0	0	
23	8	0	0	
23	9	0	0	
23	10	0	0	
23	11	0	0	
23	12	0	0	
23	13	0	0	
23	14	0	0	
23	15	0	0	
23	16	0	0	
23	17	0	0	
23	18	0	0	
23	19	0	0	
23	20	0	0	
23	21	0	0	
23	22	0	0	
23	23	0	0	
23	24	0	0	
24	0	0	0	
24	1	345	365	
24	2	331	355	
24	3	317	341	
24	4	293	321	
24	5	291	303	
24	6	269	281	
24	7	255	275	
24	8	240	255	
24	9	223	235	
24	10	223	235	
24	11	0	0	
24	12	0	0	
24	13	0	0	
24	14	0	0	
24	15	0	0	
24	16	0	0	
24	17	0	0	
24	18	0	0	
24	19	0	0	
24	20	0	0	
24	21	0	0	
24	22	0	0	
24	23	0	0	
24	24	0	0	
25	0	0	0	
25	1	321	351	
25	2	301	345	
25	3	281	327	
25	4	265	313	
25	5	245	295	
25	6	235	279	
25	7	215	263	
25	8	199	243	
25	9	185	229	
25	10	173	207	
25	11	165	191	
25	12	143	175	
25	13	143	175	
25	14	0	0	
25	15	0	0	
25	16	0	0	
25	17	0	0	
25	18	0	0	
25	19	0	0	
25	20	0	0	
25	21	0	0	
25	22	0	0	
25	23	0	0	
25	24	0	0	
26	0	0	0	
26	1	337	357	
26	2	315	349	
26	3	297	333	
26	4	279	319	
26	5	267	301	
26	6	251	287	
26	7	231	273	
26	8	215	253	
26	9	203	233	
26	10	175	217	
26	11	177	191	
26	12	151	167	
26	13	135	147	
26	14	135	147	
26	15	0	0	
26	16	0	0	
26	17	0	0	
26	18	0	0	
26	19	0	0	
26	20	0	0	
26	21	0	0	
26	22	0	0	
26	23	0	0	
26	24	0	0	
27	0	0	0	
27	1	341	359	
27	2	325	351	
27	3	305	337	
27	4	297	323	
27	5	279	309	
27	6	261	291	
27	7	247	275	
27	8	223	257	
27	9	205	239	
27	10	191	217	
27	11	175	191	
27	12	175	191	
27	13	0	0	
27	14	0	0	
27	15	0	0	
27	16	0	0	
27	17	0	0	
27	18	0	0	
27	19	0	0	
27	20	0	0	
27	21	0	0	
27	22	0	0	
27	23	0	0	
27	24	0	0	
28	0	0	0	
28	1	0	0	
28	2	225	241	
28	3	201	231	
28	4	173	211	
28	5	165	189	
28	6	165	189	
28	7	0	0	
28	8	0	0	
28	9	0	0	
28	10	0	0	
28	11	0	0	
28	12	0	0	
28	13	0	0	
28	14	0	0	
28	15	0	0	
28	16	0	0	
28	17	0	0	
28	18	0	0	
28	19	0	0	
28	20	0	0	
28	21	0	0	
28	22	0	0	
28	23	0	0	
28	24	0	0	
29	0	0	0	
29	1	0	0	
29	2	0	0	
29	3	0	0	
29	4	0	0	
29	5	0	0	
29	6	0	0	
29	7	0	0	
29	8	0	0	
29	9	0	0	
29	10	0	0	
29	11	0	0	
29	12	0	0	
29	13	0	0	
29	14	0	0	
29	15	0	0	
29	16	0	0	
29	17	0	0	
29	18	0	0	
29	19	0	0	
29	20	0	0	
29	21	0	0	
29	22	0	0	
29	23	0	0	
29	24	0	0	
30	0	0	0	
30	1	285	321	
30	2	255	309	
30	3	237	287	
30	4	221	269	
30	5	207	257	
30	6	191	243	
30	7	181	225	
30	8	167	211	
30	9	161	197	
30	10	149	181	
30	11	139	151	
30	12	119	151	
30	13	119	133	
30	14	119	133	
30	15	0	0	
30	16	0	0	
30	17	0	0	
30	18	0	0	
30	19	0	0	
30	20	0	0	
30	21	0	0	
30	22	0	0	
30	23	0	0	
30	24	0	0	
31	0	0	0	
31	1	307	339	
31	2	281	329	
31	3	263	311	
31	4	245	295	
31	5	227	279	
31	6	213	263	
31	7	201	249	
31	8	179	235	
31	9	171	217	
31	10	151	199	
31	11	145	179	
31	12	129	155	
31	13	119	139	
31	14	119	139	
31	15	0	0	
31	16	0	0	
31	17	0	0	
31	18	0	0	
31	19	0	0	
31	20	0	0	
31	21	0	0	
31	22	0	0	
31	23	0	0	
31	24	0	0	
32	0	0	0	
32	1	341	361	
32	2	325	355	
32	3	309	333	
32	4	295	323	
32	5	273	305	
32	6	253	281	
32	7	251	271	
32	8	227	259	
32	9	213	231	
32	10	205	217	
32	11	185	197	
32	12	185	197	
32	13	0	0	
32	14	0	0	
32	15	0	0	
32	16	0	0	
32	17	0	0	
32	18	0	0	
32	19	0	0	
32	20	0	0	
32	21	0	0	
32	22	0	0	
32	23	0	0	
32	24	0	0	
33	0	0	0	
33	1	333	359	
33	2	319	349	
33	3	299	335	
33	4	283	317	
33	5	267	303	
33	6	249	283	
33	7	237	267	
33	8	219	251	
33	9	209	235	
33	10	189	213	
33	11	179	191	
33	12	179	191	
33	13	0	0	
33	14	0	0	
33	15	0	0	
33	16	0	0	
33	17	0	0	
33	18	0	0	
33	19	0	0	
33	20	0	0	
33	21	0	0	
33	22	0	0	
33	23	0	0	
33	24	0	0	
34	0	0	0	
34	1	323	353	
34	2	301	343	
34	3	279	325	
34	4	269	311	
34	5	249	295	
34	6	235	279	
34	7	217	263	
34	8	199	241	
34	9	189	231	
34	10	175	207	
34	11	151	191	
34	12	149	165	
34	13	129	141	
34	14	129	141	
34	15	0	0	
34	16	0	0	
34	17	0	0	
34	18	0	0	
34	19	0	0	
34	20	0	0	
34	21	0	0	
34	22	0	0	
34	23	0	0	
34	24	0	0	
35	0	0	0	
35	1	345	363	
35	2	325	357	
35	3	311	341	
35	4	295	327	
35	5	281	307	
35	6	277	289	
35	7	257	271	
35	8	257	271	
35	9	0	0	
35	10	0	0	
35	11	0	0	
35	12	0	0	
35	13	0	0	
35	14	0	0	
35	15	0	0	
35	16	0	0	
35	17	0	0	
35	18	0	0	
35	19	0	0	
35	20	0	0	
35	21	0	0	
35	22	0	0	
35	23	0	0	
35	24	0	0	
36	0	0	0	
36	1	305	341	
36	2	281	329	
36	3	261	311	
36	4	245	295	
36	5	229	277	
36	6	213	265	
36	7	203	251	
36	8	183	233	
36	9	167	217	
36	10	161	199	
36	11	147	169	
36	12	137	163	
36	13	137	163	
36	14	0	0	
36	15	0	0	
36	16	0	0	
36	17	0	0	
36	18	0	0	
36	19	0	0	
36	20	0	0	
36	21	0	0	
36	22	0	0	
36	23	0	0	
36	24	0	0	
37	0	0	0	
37	1	283	325	
37	2	257	311	
37	3	237	287	
37	4	221	269	
37	5	201	257	
37	6	199	241	
37	7	177	229	
37	8	167	211	
37	9	159	197	
37	10	159	187	
37	11	159	187	
37	12	0	0	
37	13	0	0	
37	14	0	0	
37	15	0	0	
37	16	0	0	
37	17	0	0	
37	18	0	0	
37	19	0	0	
37	20	0	0	
37	21	0	0	
37	22	0	0	
37	23	0	0	
37	24	0	0	
38	0	0	0	
38	1	261	307	
38	2	233	291	
38	3	207	261	
38	4	191	239	
38	5	175	227	
38	6	163	213	
38	7	157	199	
38	8	145	183	
38	9	139	163	
38	10	117	149	
38	11	117	149	
38	12	0	0	
38	13	0	0	
38	14	0	0	
38	15	0	0	
38	16	0	0	
38	17	0	0	
38	18	0	0	
38	19	0	0	
38	20	0	0	
38	21	0	0	
38	22	0	0	
38	23	0	0	
38	24	0	0	
39	0	0	0	
39	1	257	287	
39	2	219	269	
39	3	193	231	
39	4	175	211	
39	5	163	185	
39	6	147	181	
39	7	141	155	
39	8	133	155	
39	9	133	155	
39	10	0	0	
39	11	0	0	
39	12	0	0	
39	13	0	0	
39	14	0	0	
39	15	0	0	
39	16	0	0	
39	17	0	0	
39	18	0	0	
39	19	0	0	
39	20	0	0	
39	21	0	0	
39	22	0	0	
39	23	0	0	
39	24	0	0	
